 0.00000000e+00 -3.25019749e+02
 1.00000005e-02 -3.25038373e+02
 2.00000009e-02 -3.25119830e+02
 3.00000014e-02 -3.25260203e+02
 4.00000019e-02 -3.25455576e+02
 5.00000024e-02 -3.25702031e+02
 6.00000028e-02 -3.25995652e+02
 7.00000033e-02 -3.26332523e+02
 8.00000038e-02 -3.26708726e+02
 9.00000043e-02 -3.27120347e+02
 1.00000005e-01 -3.27563591e+02
 1.10000005e-01 -3.28034864e+02
 1.20000006e-01 -3.28530598e+02
 1.30000006e-01 -3.29047455e+02
 1.40000007e-01 -3.29582393e+02
 1.50000007e-01 -3.30132390e+02
 1.60000008e-01 -3.30694490e+02
 1.70000008e-01 -3.31265802e+02
 1.80000009e-01 -3.31843437e+02
 1.90000009e-01 -3.32424531e+02
 2.00000009e-01 -3.33006233e+02
 2.10000010e-01 -3.33585706e+02
 2.20000010e-01 -3.34160222e+02
 2.30000011e-01 -3.34727119e+02
 2.40000011e-01 -3.35283756e+02
 2.50000012e-01 -3.35827668e+02
 2.60000012e-01 -3.36356460e+02
 2.70000013e-01 -3.36867768e+02
 2.80000013e-01 -3.37359366e+02
 2.90000014e-01 -3.37829074e+02
 3.00000014e-01 -3.38274742e+02
 3.10000015e-01 -3.38694329e+02
 3.20000015e-01 -3.39085821e+02
 3.30000016e-01 -3.39447249e+02
 3.40000016e-01 -3.39776770e+02
 3.50000017e-01 -3.40072563e+02
 3.60000017e-01 -3.40332874e+02
 3.70000018e-01 -3.40556085e+02
 3.80000018e-01 -3.40740596e+02
 3.90000019e-01 -3.40884884e+02
 4.00000019e-01 -3.40987543e+02
 4.10000019e-01 -3.41047180e+02
 4.20000020e-01 -3.41062484e+02
 4.30000020e-01 -3.41032237e+02
 4.40000021e-01 -3.40955234e+02
 4.50000021e-01 -3.40830362e+02
 4.60000022e-01 -3.40656593e+02
 4.70000022e-01 -3.40432909e+02
 4.80000023e-01 -3.40158400e+02
 4.90000023e-01 -3.39832227e+02
 5.00000024e-01 -3.39453568e+02
 5.10000024e-01 -3.39021708e+02
 5.20000025e-01 -3.38535991e+02
 5.30000025e-01 -3.37995780e+02
 5.40000026e-01 -3.37400543e+02
 5.50000026e-01 -3.36749794e+02
 5.60000027e-01 -3.36043070e+02
 5.70000027e-01 -3.35280013e+02
 5.80000028e-01 -3.34460301e+02
 5.90000028e-01 -3.33583639e+02
 6.00000028e-01 -3.32649836e+02
 6.10000029e-01 -3.31658728e+02
 6.20000029e-01 -3.30610184e+02
 6.30000030e-01 -3.29504172e+02
 6.40000030e-01 -3.28340676e+02
 6.50000031e-01 -3.27119724e+02
 6.60000031e-01 -3.25841429e+02
 6.70000032e-01 -3.24505917e+02
 6.80000032e-01 -3.23113362e+02
 6.90000033e-01 -3.21664015e+02
 7.00000033e-01 -3.20158135e+02
 7.10000034e-01 -3.18596038e+02
 7.20000034e-01 -3.16978102e+02
 7.30000035e-01 -3.15304713e+02
 7.40000035e-01 -3.13576319e+02
 7.50000036e-01 -3.11793416e+02
 7.60000036e-01 -3.09956513e+02
 7.70000037e-01 -3.08066177e+02
 7.80000037e-01 -3.06123018e+02
 7.90000038e-01 -3.04127655e+02
 8.00000038e-01 -3.02080770e+02
 8.10000038e-01 -2.99983074e+02
 8.20000039e-01 -2.97835292e+02
 8.30000039e-01 -2.95638210e+02
 8.40000040e-01 -2.93392634e+02
 8.50000040e-01 -2.91099388e+02
 8.60000041e-01 -2.88759350e+02
 8.70000041e-01 -2.86373418e+02
 8.80000042e-01 -2.83942502e+02
 8.90000042e-01 -2.81467568e+02
 9.00000043e-01 -2.78949593e+02
 9.10000043e-01 -2.76389572e+02
 9.20000044e-01 -2.73788546e+02
 9.30000044e-01 -2.71147565e+02
 9.40000045e-01 -2.68467697e+02
 9.50000045e-01 -2.65750054e+02
 9.60000046e-01 -2.62995750e+02
 9.70000046e-01 -2.60205921e+02
 9.80000047e-01 -2.57381735e+02
 9.90000047e-01 -2.54524367e+02
 1.00000005e+00 -2.51635010e+02
 1.01000005e+00 -2.48714886e+02
 1.02000005e+00 -2.45765217e+02
 1.03000005e+00 -2.42787247e+02
 1.04000005e+00 -2.39782239e+02
 1.05000005e+00 -2.36751460e+02
 1.06000005e+00 -2.33696194e+02
 1.07000005e+00 -2.30617739e+02
 1.08000005e+00 -2.27517396e+02
 1.09000005e+00 -2.24396482e+02
 1.10000005e+00 -2.21256321e+02
 1.11000005e+00 -2.18098241e+02
 1.12000005e+00 -2.14923580e+02
 1.13000005e+00 -2.11733683e+02
 1.14000005e+00 -2.08529895e+02
 1.15000005e+00 -2.05313568e+02
 1.16000006e+00 -2.02086055e+02
 1.17000006e+00 -1.98848715e+02
 1.18000006e+00 -1.95602904e+02
 1.19000006e+00 -1.92349978e+02
 1.20000006e+00 -1.89091293e+02
 1.21000006e+00 -1.85828202e+02
 1.22000006e+00 -1.82562056e+02
 1.23000006e+00 -1.79294202e+02
 1.24000006e+00 -1.76025981e+02
 1.25000006e+00 -1.72758729e+02
 1.26000006e+00 -1.69493777e+02
 1.27000006e+00 -1.66232442e+02
 1.28000006e+00 -1.62976041e+02
 1.29000006e+00 -1.59725876e+02
 1.30000006e+00 -1.56483235e+02
 1.31000006e+00 -1.53249404e+02
 1.32000006e+00 -1.50025649e+02
 1.33000006e+00 -1.46813221e+02
 1.34000006e+00 -1.43613367e+02
 1.35000006e+00 -1.40427309e+02
 1.36000006e+00 -1.37256252e+02
 1.37000007e+00 -1.34101393e+02
 1.38000007e+00 -1.30963907e+02
 1.39000007e+00 -1.27844944e+02
 1.40000007e+00 -1.24745649e+02
 1.41000007e+00 -1.21667130e+02
 1.42000007e+00 -1.18610479e+02
 1.43000007e+00 -1.15576779e+02
 1.44000007e+00 -1.12567070e+02
 1.45000007e+00 -1.09582379e+02
 1.46000007e+00 -1.06623719e+02
 1.47000007e+00 -1.03692052e+02
 1.48000007e+00 -1.00788336e+02
 1.49000007e+00 -9.79135046e+01
 1.50000007e+00 -9.50684422e+01
 1.51000007e+00 -9.22540271e+01
 1.52000007e+00 -8.94711086e+01
 1.53000007e+00 -8.67204875e+01
 1.54000007e+00 -8.40029589e+01
 1.55000007e+00 -8.13192820e+01
 1.56000007e+00 -7.86701693e+01
 1.57000007e+00 -7.60563286e+01
 1.58000008e+00 -7.34784215e+01
 1.59000008e+00 -7.09370745e+01
 1.60000008e+00 -6.84329011e+01
 1.61000008e+00 -6.59664673e+01
 1.62000008e+00 -6.35383007e+01
 1.63000008e+00 -6.11489227e+01
 1.64000008e+00 -5.87987983e+01
 1.65000008e+00 -5.64883601e+01
 1.66000008e+00 -5.42180321e+01
 1.67000008e+00 -5.19881772e+01
 1.68000008e+00 -4.97991324e+01
 1.69000008e+00 -4.76512220e+01
 1.70000008e+00 -4.55447075e+01
 1.71000008e+00 -4.34798296e+01
 1.72000008e+00 -4.14568127e+01
 1.73000008e+00 -3.94758178e+01
 1.74000008e+00 -3.75369903e+01
 1.75000008e+00 -3.56404543e+01
 1.76000008e+00 -3.37862729e+01
 1.77000008e+00 -3.19744977e+01
 1.78000008e+00 -3.02051539e+01
 1.79000009e+00 -2.84782079e+01
 1.80000009e+00 -2.67936235e+01
 1.81000009e+00 -2.51513273e+01
 1.82000009e+00 -2.35511969e+01
 1.83000009e+00 -2.19931039e+01
 1.84000009e+00 -2.04768838e+01
 1.85000009e+00 -1.90023282e+01
 1.86000009e+00 -1.75692237e+01
 1.87000009e+00 -1.61773179e+01
 1.88000009e+00 -1.48263216e+01
 1.89000009e+00 -1.35159410e+01
 1.90000009e+00 -1.22458416e+01
 1.91000009e+00 -1.10156593e+01
 1.92000009e+00 -9.82502510e+00
 1.93000009e+00 -8.67352919e+00
 1.94000009e+00 -7.56073926e+00
 1.95000009e+00 -6.48621695e+00
 1.96000009e+00 -5.44948484e+00
 1.97000009e+00 -4.45004923e+00
 1.98000009e+00 -3.48740918e+00
 1.99000009e+00 -2.56102802e+00
 2.00000009e+00 -1.67035806e+00
 2.01000010e+00 -8.14842331e-01
 2.02000010e+00 6.10442246e-03
 2.03000010e+00 7.93077040e-01
 2.04000010e+00 1.54667869e+00
 2.05000010e+00 2.26753735e+00
 2.06000010e+00 2.95628521e+00
 2.07000010e+00 3.61356353e+00
 2.08000010e+00 4.24003191e+00
 2.09000010e+00 4.83635235e+00
 2.10000010e+00 5.40319463e+00
 2.11000010e+00 5.94124058e+00
 2.12000010e+00 6.45117321e+00
 2.13000010e+00 6.93368088e+00
 2.14000010e+00 7.38945818e+00
 2.15000010e+00 7.81920016e+00
 2.16000010e+00 8.22360344e+00
 2.17000010e+00 8.60336608e+00
 2.18000010e+00 8.95918593e+00
 2.19000010e+00 9.29175755e+00
 2.20000010e+00 9.60177327e+00
 2.21000010e+00 9.88992437e+00
 2.22000011e+00 1.01568934e+01
 2.23000011e+00 1.04033576e+01
 2.24000011e+00 1.06299925e+01
 2.25000011e+00 1.08374584e+01
 2.26000011e+00 1.10264097e+01
 2.27000011e+00 1.11974963e+01
 2.28000011e+00 1.13513475e+01
 2.29000011e+00 1.14885863e+01
 2.30000011e+00 1.16098281e+01
 2.31000011e+00 1.17156628e+01
 2.32000011e+00 1.18066743e+01
 2.33000011e+00 1.18834352e+01
 2.34000011e+00 1.19464887e+01
 2.35000011e+00 1.19963729e+01
 2.36000011e+00 1.20336097e+01
 2.37000011e+00 1.20586895e+01
 2.38000011e+00 1.20720988e+01
 2.39000011e+00 1.20743024e+01
 2.40000011e+00 1.20657334e+01
 2.41000011e+00 1.20468215e+01
 2.42000011e+00 1.20179698e+01
 2.43000012e+00 1.19795508e+01
 2.44000012e+00 1.19319343e+01
 2.45000012e+00 1.18754582e+01
 2.46000012e+00 1.18104338e+01
 2.47000012e+00 1.17371683e+01
 2.48000012e+00 1.16559343e+01
 2.49000012e+00 1.15669817e+01
 2.50000012e+00 1.14705556e+01
 2.51000012e+00 1.13668649e+01
 2.52000012e+00 1.12561005e+01
 2.53000012e+00 1.11384474e+01
 2.54000012e+00 1.10140549e+01
 2.55000012e+00 1.08830594e+01
 2.56000012e+00 1.07455899e+01
 2.57000012e+00 1.06017431e+01
 2.58000012e+00 1.04516071e+01
 2.59000012e+00 1.02952615e+01
 2.60000012e+00 1.01327594e+01
 2.61000012e+00 9.96414850e+00
 2.62000012e+00 9.78946841e+00
 2.63000012e+00 9.60873923e+00
 2.64000013e+00 9.42197794e+00
 2.65000013e+00 9.22919567e+00
 2.66000013e+00 9.03039137e+00
 2.67000013e+00 8.82556288e+00
 2.68000013e+00 8.61470510e+00
 2.69000013e+00 8.39780892e+00
 2.70000013e+00 8.17486501e+00
 2.71000013e+00 7.94586637e+00
 2.72000013e+00 7.71080851e+00
 2.73000013e+00 7.46968759e+00
 2.74000013e+00 7.22250877e+00
 2.75000013e+00 6.96928452e+00
 2.76000013e+00 6.71002900e+00
 2.77000013e+00 6.44477274e+00
 2.78000013e+00 6.17355642e+00
 2.79000013e+00 5.89642389e+00
 2.80000013e+00 5.61344250e+00
 2.81000013e+00 5.32469066e+00
 2.82000013e+00 5.03025203e+00
 2.83000013e+00 4.73023970e+00
 2.84000013e+00 4.42477710e+00
 2.85000014e+00 4.11399534e+00
 2.86000014e+00 3.79805959e+00
 2.87000014e+00 3.47714274e+00
 2.88000014e+00 3.15142908e+00
 2.89000014e+00 2.82113695e+00
 2.90000014e+00 2.48649126e+00
 2.91000014e+00 2.14773097e+00
 2.92000014e+00 1.80512713e+00
 2.93000014e+00 1.45895552e+00
 2.94000014e+00 1.10950798e+00
 2.95000014e+00 7.57104253e-01
 2.96000014e+00 4.02067241e-01
 2.97000014e+00 4.47365864e-02
 2.98000014e+00 -3.14526013e-01
 2.99000014e+00 -6.75356691e-01
 3.00000014e+00 -1.03737612e+00
 3.01000014e+00 -1.40018933e+00
 3.02000014e+00 -1.76339988e+00
 3.03000014e+00 -2.12659910e+00
 3.04000014e+00 -2.48936888e+00
 3.05000014e+00 -2.85129017e+00
 3.06000015e+00 -3.21193715e+00
 3.07000015e+00 -3.57087869e+00
 3.08000015e+00 -3.92768461e+00
 3.09000015e+00 -4.28192358e+00
 3.10000015e+00 -4.63316392e+00
 3.11000015e+00 -4.98097512e+00
 3.12000015e+00 -5.32493282e+00
 3.13000015e+00 -5.66461474e+00
 3.14000015e+00 -5.99960181e+00
 3.15000015e+00 -6.32948781e+00
 3.16000015e+00 -6.65386965e+00
 3.17000015e+00 -6.97235053e+00
 3.18000015e+00 -7.28455196e+00
 3.19000015e+00 -7.59009880e+00
 3.20000015e+00 -7.88862609e+00
 3.21000015e+00 -8.17979093e+00
 3.22000015e+00 -8.46325357e+00
 3.23000015e+00 -8.73868882e+00
 3.24000015e+00 -9.00579544e+00
 3.25000015e+00 -9.26427500e+00
 3.26000015e+00 -9.51384815e+00
 3.27000016e+00 -9.75425982e+00
 3.28000016e+00 -9.98525681e+00
 3.29000016e+00 -1.02066100e+01
 3.30000016e+00 -1.04181127e+01
 3.31000016e+00 -1.06195607e+01
 3.32000016e+00 -1.08107769e+01
 3.33000016e+00 -1.09916041e+01
 3.34000016e+00 -1.11618885e+01
 3.35000016e+00 -1.13215056e+01
 3.36000016e+00 -1.14703474e+01
 3.37000016e+00 -1.16083108e+01
 3.38000016e+00 -1.17353227e+01
 3.39000016e+00 -1.18513235e+01
 3.40000016e+00 -1.19562594e+01
 3.41000016e+00 -1.20501069e+01
 3.42000016e+00 -1.21328522e+01
 3.43000016e+00 -1.22044893e+01
 3.44000016e+00 -1.22650408e+01
 3.45000016e+00 -1.23145362e+01
 3.46000016e+00 -1.23530145e+01
 3.47000016e+00 -1.23805408e+01
 3.48000017e+00 -1.23971844e+01
 3.49000017e+00 -1.24030261e+01
 3.50000017e+00 -1.23981688e+01
 3.51000017e+00 -1.23827189e+01
 3.52000017e+00 -1.23567944e+01
 3.53000017e+00 -1.23205325e+01
 3.54000017e+00 -1.22740720e+01
 3.55000017e+00 -1.22175645e+01
 3.56000017e+00 -1.21511767e+01
 3.57000017e+00 -1.20750764e+01
 3.58000017e+00 -1.19894444e+01
 3.59000017e+00 -1.18944724e+01
 3.60000017e+00 -1.17903537e+01
 3.61000017e+00 -1.16772933e+01
 3.62000017e+00 -1.15555044e+01
 3.63000017e+00 -1.14252017e+01
 3.64000017e+00 -1.12866102e+01
 3.65000017e+00 -1.11399607e+01
 3.66000017e+00 -1.09854855e+01
 3.67000017e+00 -1.08234258e+01
 3.68000017e+00 -1.06540261e+01
 3.69000018e+00 -1.04775326e+01
 3.70000018e+00 -1.02941989e+01
 3.71000018e+00 -1.01042802e+01
 3.72000018e+00 -9.90803316e+00
 3.73000018e+00 -9.70571971e+00
 3.74000018e+00 -9.49760269e+00
 3.75000018e+00 -9.28394616e+00
 3.76000018e+00 -9.06501721e+00
 3.77000018e+00 -8.84108340e+00
 3.78000018e+00 -8.61241297e+00
 3.79000018e+00 -8.37927540e+00
 3.80000018e+00 -8.14194031e+00
 3.81000018e+00 -7.90067720e+00
 3.82000018e+00 -7.65575538e+00
 3.83000018e+00 -7.40744410e+00
 3.84000018e+00 -7.15601148e+00
 3.85000018e+00 -6.90172436e+00
 3.86000018e+00 -6.64484937e+00
 3.87000018e+00 -6.38565086e+00
 3.88000018e+00 -6.12439116e+00
 3.89000018e+00 -5.86133225e+00
 3.90000019e+00 -5.59673227e+00
 3.91000019e+00 -5.33084780e+00
 3.92000019e+00 -5.06393398e+00
 3.93000019e+00 -4.79624142e+00
 3.94000019e+00 -4.52801826e+00
 3.95000019e+00 -4.25951164e+00
 3.96000019e+00 -3.99096269e+00
 3.97000019e+00 -3.72261024e+00
 3.98000019e+00 -3.45469157e+00
 3.99000019e+00 -3.18743695e+00
 4.00000019e+00 -2.92107465e+00
 4.01000019e+00 -2.65583064e+00
 4.02000019e+00 -2.39192313e+00
 4.03000019e+00 -2.12956876e+00
 4.04000019e+00 -1.86898085e+00
 4.05000019e+00 -1.61036463e+00
 4.06000019e+00 -1.35392405e+00
 4.07000019e+00 -1.09985870e+00
 4.08000019e+00 -8.48359987e-01
 4.09000019e+00 -5.99618347e-01
 4.10000019e+00 -3.53818618e-01
 4.11000020e+00 -1.11137527e-01
 4.12000020e+00 1.28248326e-01
 4.13000020e+00 3.64169864e-01
 4.14000020e+00 5.96465107e-01
 4.15000020e+00 8.24972919e-01
 4.16000020e+00 1.04954013e+00
 4.17000020e+00 1.27002014e+00
 4.18000020e+00 1.48626739e+00
 4.19000020e+00 1.69814529e+00
 4.20000020e+00 1.90552296e+00
 4.21000020e+00 2.10827085e+00
 4.22000020e+00 2.30626927e+00
 4.23000020e+00 2.49940324e+00
 4.24000020e+00 2.68755964e+00
 4.25000020e+00 2.87063576e+00
 4.26000020e+00 3.04853266e+00
 4.27000020e+00 3.22115392e+00
 4.28000020e+00 3.38841380e+00
 4.29000020e+00 3.55022940e+00
 4.30000020e+00 3.70652121e+00
 4.31000020e+00 3.85722024e+00
 4.32000021e+00 4.00225976e+00
 4.33000021e+00 4.14157691e+00
 4.34000021e+00 4.27511935e+00
 4.35000021e+00 4.40283607e+00
 4.36000021e+00 4.52468137e+00
 4.37000021e+00 4.64061886e+00
 4.38000021e+00 4.75061323e+00
 4.39000021e+00 4.85463541e+00
 4.40000021e+00 4.95266465e+00
 4.41000021e+00 5.04468109e+00
 4.42000021e+00 5.13067188e+00
 4.43000021e+00 5.21063143e+00
 4.44000021e+00 5.28455497e+00
 4.45000021e+00 5.35244540e+00
 4.46000021e+00 5.41431170e+00
 4.47000021e+00 5.47016379e+00
 4.48000021e+00 5.52001972e+00
 4.49000021e+00 5.56390243e+00
 4.50000021e+00 5.60183605e+00
 4.51000021e+00 5.63385306e+00
 4.52000021e+00 5.65998974e+00
 4.53000022e+00 5.68028392e+00
 4.54000022e+00 5.69478167e+00
 4.55000022e+00 5.70353195e+00
 4.56000022e+00 5.70658567e+00
 4.57000022e+00 5.70400173e+00
 4.58000022e+00 5.69584100e+00
 4.59000022e+00 5.68216688e+00
 4.60000022e+00 5.66305013e+00
 4.61000022e+00 5.63856288e+00
 4.62000022e+00 5.60878025e+00
 4.63000022e+00 5.57378398e+00
 4.64000022e+00 5.53365671e+00
 4.65000022e+00 5.48848450e+00
 4.66000022e+00 5.43835915e+00
 4.67000022e+00 5.38337307e+00
 4.68000022e+00 5.32362240e+00
 4.69000022e+00 5.25920807e+00
 4.70000022e+00 5.19023149e+00
 4.71000022e+00 5.11679796e+00
 4.72000022e+00 5.03901665e+00
 4.73000022e+00 4.95699713e+00
 4.74000023e+00 4.87085282e+00
 4.75000023e+00 4.78070037e+00
 4.76000023e+00 4.68665660e+00
 4.77000023e+00 4.58884221e+00
 4.78000023e+00 4.48738005e+00
 4.79000023e+00 4.38239349e+00
 4.80000023e+00 4.27400933e+00
 4.81000023e+00 4.16235590e+00
 4.82000023e+00 4.04756206e+00
 4.83000023e+00 3.92975967e+00
 4.84000023e+00 3.80908152e+00
 4.85000023e+00 3.68566104e+00
 4.86000023e+00 3.55963398e+00
 4.87000023e+00 3.43113665e+00
 4.88000023e+00 3.30030597e+00
 4.89000023e+00 3.16728048e+00
 4.90000023e+00 3.03219901e+00
 4.91000023e+00 2.89520085e+00
 4.92000023e+00 2.75642621e+00
 4.93000023e+00 2.61601540e+00
 4.94000023e+00 2.47410893e+00
 4.95000024e+00 2.33084741e+00
 4.96000024e+00 2.18637189e+00
 4.97000024e+00 2.04082274e+00
 4.98000024e+00 1.89434016e+00
 4.99000024e+00 1.74706429e+00
 5.00000024e+00 1.59913444e+00
 5.01000024e+00 1.45068917e+00
 5.02000024e+00 1.30186691e+00
 5.03000024e+00 1.15280458e+00
 5.04000024e+00 1.00363805e+00
 5.05000024e+00 8.54502946e-01
 5.06000024e+00 7.05532634e-01
 5.07000024e+00 5.56859294e-01
 5.08000024e+00 4.08614641e-01
 5.09000024e+00 2.60927412e-01
 5.10000024e+00 1.13925125e-01
 5.11000024e+00 -3.22654594e-02
 5.12000024e+00 -1.77521261e-01
 5.13000024e+00 -3.21720314e-01
 5.14000024e+00 -4.64741843e-01
 5.15000024e+00 -6.06469319e-01
 5.16000025e+00 -7.46787307e-01
 5.17000025e+00 -8.85581697e-01
 5.18000025e+00 -1.02274343e+00
 5.19000025e+00 -1.15816410e+00
 5.20000025e+00 -1.29173768e+00
 5.21000025e+00 -1.42336299e+00
 5.22000025e+00 -1.55293943e+00
 5.23000025e+00 -1.68036959e+00
 5.24000025e+00 -1.80556080e+00
 5.25000025e+00 -1.92842093e+00
 5.26000025e+00 -2.04886177e+00
 5.27000025e+00 -2.16679963e+00
 5.28000025e+00 -2.28215133e+00
 5.29000025e+00 -2.39483836e+00
 5.30000025e+00 -2.50478634e+00
 5.31000025e+00 -2.61192146e+00
 5.32000025e+00 -2.71617526e+00
 5.33000025e+00 -2.81748288e+00
 5.34000025e+00 -2.91578022e+00
 5.35000025e+00 -3.01100906e+00
 5.36000025e+00 -3.10311421e+00
 5.37000026e+00 -3.19204157e+00
 5.38000026e+00 -3.27774306e+00
 5.39000026e+00 -3.36017327e+00
 5.40000026e+00 -3.43928811e+00
 5.41000026e+00 -3.51504990e+00
 5.42000026e+00 -3.58742280e+00
 5.43000026e+00 -3.65637286e+00
 5.44000026e+00 -3.72187245e+00
 5.45000026e+00 -3.78389529e+00
 5.46000026e+00 -3.84241751e+00
 5.47000026e+00 -3.89742126e+00
 5.48000026e+00 -3.94888966e+00
 5.49000026e+00 -3.99680876e+00
 5.50000026e+00 -4.04117018e+00
 5.51000026e+00 -4.08196622e+00
 5.52000026e+00 -4.11919260e+00
 5.53000026e+00 -4.15285002e+00
 5.54000026e+00 -4.18293968e+00
 5.55000026e+00 -4.20946666e+00
 5.56000026e+00 -4.23244031e+00
 5.57000026e+00 -4.25187044e+00
 5.58000027e+00 -4.26777107e+00
 5.59000027e+00 -4.28015975e+00
 5.60000027e+00 -4.28905453e+00
 5.61000027e+00 -4.29447792e+00
 5.62000027e+00 -4.29645522e+00
 5.63000027e+00 -4.29501237e+00
 5.64000027e+00 -4.29017979e+00
 5.65000027e+00 -4.28199009e+00
 5.66000027e+00 -4.27047666e+00
 5.67000027e+00 -4.25567728e+00
 5.68000027e+00 -4.23763139e+00
 5.69000027e+00 -4.21637939e+00
 5.70000027e+00 -4.19196586e+00
 5.71000027e+00 -4.16443656e+00
 5.72000027e+00 -4.13383843e+00
 5.73000027e+00 -4.10022227e+00
 5.74000027e+00 -4.06363965e+00
 5.75000027e+00 -4.02414357e+00
 5.76000027e+00 -3.98179045e+00
 5.77000027e+00 -3.93663720e+00
 5.78000027e+00 -3.88874234e+00
 5.79000028e+00 -3.83816726e+00
 5.80000028e+00 -3.78497382e+00
 5.81000028e+00 -3.72922548e+00
 5.82000028e+00 -3.67098812e+00
 5.83000028e+00 -3.61032787e+00
 5.84000028e+00 -3.54731264e+00
 5.85000028e+00 -3.48201222e+00
 5.86000028e+00 -3.41449658e+00
 5.87000028e+00 -3.34483746e+00
 5.88000028e+00 -3.27310801e+00
 5.89000028e+00 -3.19938155e+00
 5.90000028e+00 -3.12373306e+00
 5.91000028e+00 -3.04623851e+00
 5.92000028e+00 -2.96697407e+00
 5.93000028e+00 -2.88601737e+00
 5.94000028e+00 -2.80344667e+00
 5.95000028e+00 -2.71934049e+00
 5.96000028e+00 -2.63377848e+00
 5.97000028e+00 -2.54684074e+00
 5.98000028e+00 -2.45860754e+00
 5.99000028e+00 -2.36916004e+00
 6.00000028e+00 -2.27857961e+00
 6.01000029e+00 -2.18694770e+00
 6.02000029e+00 -2.09434655e+00
 6.03000029e+00 -2.00085823e+00
 6.04000029e+00 -1.90656497e+00
 6.05000029e+00 -1.81154920e+00
 6.06000029e+00 -1.71589335e+00
 6.07000029e+00 -1.61967980e+00
 6.08000029e+00 -1.52299079e+00
 6.09000029e+00 -1.42590853e+00
 6.10000029e+00 -1.32851496e+00
 6.11000029e+00 -1.23089162e+00
 6.12000029e+00 -1.13312001e+00
 6.13000029e+00 -1.03528104e+00
 6.14000029e+00 -9.37455043e-01
 6.15000029e+00 -8.39722281e-01
 6.16000029e+00 -7.42162089e-01
 6.17000029e+00 -6.44853103e-01
 6.18000029e+00 -5.47873818e-01
 6.19000029e+00 -4.51301437e-01
 6.20000029e+00 -3.55212415e-01
 6.21000029e+00 -2.59682963e-01
 6.22000030e+00 -1.64787522e-01
 6.23000030e+00 -7.06000809e-02
 6.24000030e+00 2.28060500e-02
 6.25000030e+00 1.15359514e-01
 6.26000030e+00 2.06989627e-01
 6.27000030e+00 2.97626316e-01
 6.28000030e+00 3.87201880e-01
 6.29000030e+00 4.75649192e-01
 6.30000030e+00 5.62902036e-01
 6.31000030e+00 6.48896806e-01
 6.32000030e+00 7.33570365e-01
 6.33000030e+00 8.16860856e-01
 6.34000030e+00 8.98709171e-01
 6.35000030e+00 9.79056578e-01
 6.36000030e+00 1.05784606e+00
 6.37000030e+00 1.13502336e+00
 6.38000030e+00 1.21053456e+00
 6.39000030e+00 1.28432791e+00
 6.40000030e+00 1.35635434e+00
 6.41000030e+00 1.42656512e+00
 6.42000030e+00 1.49491413e+00
 6.43000031e+00 1.56135787e+00
 6.44000031e+00 1.62585297e+00
 6.45000031e+00 1.68835939e+00
 6.46000031e+00 1.74883926e+00
 6.47000031e+00 1.80725519e+00
 6.48000031e+00 1.86357329e+00
 6.49000031e+00 1.91776166e+00
 6.50000031e+00 1.96978896e+00
 6.51000031e+00 2.01962775e+00
 6.52000031e+00 2.06725220e+00
 6.53000031e+00 2.11263731e+00
 6.54000031e+00 2.15576216e+00
 6.55000031e+00 2.19660713e+00
 6.56000031e+00 2.23515370e+00
 6.57000031e+00 2.27138752e+00
 6.58000031e+00 2.30529522e+00
 6.59000031e+00 2.33686489e+00
 6.60000031e+00 2.36608871e+00
 6.61000031e+00 2.39295955e+00
 6.62000031e+00 2.41747216e+00
 6.63000031e+00 2.43962515e+00
 6.64000032e+00 2.45941761e+00
 6.65000032e+00 2.47685087e+00
 6.66000032e+00 2.49192980e+00
 6.67000032e+00 2.50465961e+00
 6.68000032e+00 2.51504814e+00
 6.69000032e+00 2.52310628e+00
 6.70000032e+00 2.52884524e+00
 6.71000032e+00 2.53227912e+00
 6.72000032e+00 2.53342458e+00
 6.73000032e+00 2.53229864e+00
 6.74000032e+00 2.52892136e+00
 6.75000032e+00 2.52331490e+00
 6.76000032e+00 2.51550183e+00
 6.77000032e+00 2.50550783e+00
 6.78000032e+00 2.49336020e+00
 6.79000032e+00 2.47908676e+00
 6.80000032e+00 2.46271841e+00
 6.81000032e+00 2.44428723e+00
 6.82000032e+00 2.42382595e+00
 6.83000032e+00 2.40137021e+00
 6.84000032e+00 2.37695648e+00
 6.85000033e+00 2.35062199e+00
 6.86000033e+00 2.32240668e+00
 6.87000033e+00 2.29235097e+00
 6.88000033e+00 2.26049620e+00
 6.89000033e+00 2.22688600e+00
 6.90000033e+00 2.19156435e+00
 6.91000033e+00 2.15457622e+00
 6.92000033e+00 2.11596844e+00
 6.93000033e+00 2.07578810e+00
 6.94000033e+00 2.03408326e+00
 6.95000033e+00 1.99090347e+00
 6.96000033e+00 1.94629844e+00
 6.97000033e+00 1.90031883e+00
 6.98000033e+00 1.85301638e+00
 6.99000033e+00 1.80444294e+00
 7.00000033e+00 1.75465125e+00
 7.01000033e+00 1.70369474e+00
 7.02000033e+00 1.65162696e+00
 7.03000033e+00 1.59850215e+00
 7.04000033e+00 1.54437498e+00
 7.05000033e+00 1.48930021e+00
 7.06000034e+00 1.43333300e+00
 7.07000034e+00 1.37652893e+00
 7.08000034e+00 1.31894344e+00
 7.09000034e+00 1.26063222e+00
 7.10000034e+00 1.20165108e+00
 7.11000034e+00 1.14205579e+00
 7.12000034e+00 1.08190206e+00
 7.13000034e+00 1.02124560e+00
 7.14000034e+00 9.60142020e-01
 7.15000034e+00 8.98646596e-01
 7.16000034e+00 8.36814549e-01
 7.17000034e+00 7.74700872e-01
 7.18000034e+00 7.12360010e-01
 7.19000034e+00 6.49846319e-01
 7.20000034e+00 5.87213761e-01
 7.21000034e+00 5.24515570e-01
 7.22000034e+00 4.61804887e-01
 7.23000034e+00 3.99134247e-01
 7.24000034e+00 3.36555337e-01
 7.25000034e+00 2.74119750e-01
 7.26000034e+00 2.11878228e-01
 7.27000035e+00 1.49880549e-01
 7.28000035e+00 8.81765661e-02
 7.29000035e+00 2.68148389e-02
 7.30000035e+00 -3.41569118e-02
 7.31000035e+00 -9.46911145e-02
 7.32000035e+00 -1.54741561e-01
 7.33000035e+00 -2.14262890e-01
 7.34000035e+00 -2.73209960e-01
 7.35000035e+00 -3.31539230e-01
 7.36000035e+00 -3.89207916e-01
 7.37000035e+00 -4.46173554e-01
 7.38000035e+00 -5.02395488e-01
 7.39000035e+00 -5.57833696e-01
 7.40000035e+00 -6.12448628e-01
 7.41000035e+00 -6.66202684e-01
 7.42000035e+00 -7.19058774e-01
 7.43000035e+00 -7.70980466e-01
 7.44000035e+00 -8.21933356e-01
 7.45000035e+00 -8.71883432e-01
 7.46000035e+00 -9.20797564e-01
 7.47000035e+00 -9.68644646e-01
 7.48000036e+00 -1.01539392e+00
 7.49000036e+00 -1.06101561e+00
 7.50000036e+00 -1.10548204e+00
 7.51000036e+00 -1.14876571e+00
 7.52000036e+00 -1.19084052e+00
 7.53000036e+00 -1.23168218e+00
 7.54000036e+00 -1.27126659e+00
 7.55000036e+00 -1.30957130e+00
 7.56000036e+00 -1.34657550e+00
 7.57000036e+00 -1.38225857e+00
 7.58000036e+00 -1.41660176e+00
 7.59000036e+00 -1.44958774e+00
 7.60000036e+00 -1.48119944e+00
 7.61000036e+00 -1.51142182e+00
 7.62000036e+00 -1.54024105e+00
 7.63000036e+00 -1.56764363e+00
 7.64000036e+00 -1.59361824e+00
 7.65000036e+00 -1.61815452e+00
 7.66000036e+00 -1.64124257e+00
 7.67000036e+00 -1.66287473e+00
 7.68000036e+00 -1.68304411e+00
 7.69000037e+00 -1.70174441e+00
 7.70000037e+00 -1.71897155e+00
 7.71000037e+00 -1.73472206e+00
 7.72000037e+00 -1.74899323e+00
 7.73000037e+00 -1.76178450e+00
 7.74000037e+00 -1.77309577e+00
 7.75000037e+00 -1.78292785e+00
 7.76000037e+00 -1.79128362e+00
 7.77000037e+00 -1.79816625e+00
 7.78000037e+00 -1.80358005e+00
 7.79000037e+00 -1.80753118e+00
 7.80000037e+00 -1.81002604e+00
 7.81000037e+00 -1.81107232e+00
 7.82000037e+00 -1.81067936e+00
 7.83000037e+00 -1.80885669e+00
 7.84000037e+00 -1.80561527e+00
 7.85000037e+00 -1.80096748e+00
 7.86000037e+00 -1.79492587e+00
 7.87000037e+00 -1.78750454e+00
 7.88000037e+00 -1.77871877e+00
 7.89000037e+00 -1.76858401e+00
 7.90000038e+00 -1.75711734e+00
 7.91000038e+00 -1.74433678e+00
 7.92000038e+00 -1.73026058e+00
 7.93000038e+00 -1.71490861e+00
 7.94000038e+00 -1.69830146e+00
 7.95000038e+00 -1.68046002e+00
 7.96000038e+00 -1.66140678e+00
 7.97000038e+00 -1.64116472e+00
 7.98000038e+00 -1.61975723e+00
 7.99000038e+00 -1.59720919e+00
 8.00000038e+00 -1.57354581e+00
 8.01000038e+00 -1.54879280e+00
 8.02000038e+00 -1.52297720e+00
 8.03000038e+00 -1.49612628e+00
 8.04000038e+00 -1.46826787e+00
 8.05000038e+00 -1.43943094e+00
 8.06000038e+00 -1.40964464e+00
 8.07000038e+00 -1.37893868e+00
 8.08000038e+00 -1.34734378e+00
 8.09000038e+00 -1.31489071e+00
 8.10000038e+00 -1.28161088e+00
 8.11000039e+00 -1.24753644e+00
 8.12000039e+00 -1.21269968e+00
 8.13000039e+00 -1.17713343e+00
 8.14000039e+00 -1.14087108e+00
 8.15000039e+00 -1.10394610e+00
 8.16000039e+00 -1.06639251e+00
 8.17000039e+00 -1.02824473e+00
 8.18000039e+00 -9.89537202e-01
 8.19000039e+00 -9.50304864e-01
 8.20000039e+00 -9.10582881e-01
 8.21000039e+00 -8.70406474e-01
 8.22000039e+00 -8.29811197e-01
 8.23000039e+00 -7.88832737e-01
 8.24000039e+00 -7.47506821e-01
 8.25000039e+00 -7.05869355e-01
 8.26000039e+00 -6.63956303e-01
 8.27000039e+00 -6.21803633e-01
 8.28000039e+00 -5.79447334e-01
 8.29000039e+00 -5.36923397e-01
 8.30000039e+00 -4.94267762e-01
 8.31000039e+00 -4.51516230e-01
 8.32000040e+00 -4.08704532e-01
 8.33000040e+00 -3.65868388e-01
 8.34000040e+00 -3.23043104e-01
 8.35000040e+00 -2.80263993e-01
 8.36000040e+00 -2.37566098e-01
 8.37000040e+00 -1.94984068e-01
 8.38000040e+00 -1.52552502e-01
 8.39000040e+00 -1.10305580e-01
 8.40000040e+00 -6.82770012e-02
 8.41000040e+00 -2.65004070e-02
 8.42000040e+00 1.49911607e-02
 8.43000040e+00 5.61651822e-02
 8.44000040e+00 9.69892209e-02
 8.45000040e+00 1.37431632e-01
 8.46000040e+00 1.77461299e-01
 8.47000040e+00 2.17047232e-01
 8.48000040e+00 2.56159426e-01
 8.49000040e+00 2.94768380e-01
 8.50000040e+00 3.32844785e-01
 8.51000040e+00 3.70360504e-01
 8.52000040e+00 4.07287844e-01
 8.53000041e+00 4.43599444e-01
 8.54000041e+00 4.79269161e-01
 8.55000041e+00 5.14271333e-01
 8.56000041e+00 5.48580693e-01
 8.57000041e+00 5.82173409e-01
 8.58000041e+00 6.15025945e-01
 8.59000041e+00 6.47115368e-01
 8.60000041e+00 6.78420230e-01
 8.61000041e+00 7.08919314e-01
 8.62000041e+00 7.38592199e-01
 8.63000041e+00 7.67419942e-01
 8.64000041e+00 7.95383784e-01
 8.65000041e+00 8.22465966e-01
 8.66000041e+00 8.48650151e-01
 8.67000041e+00 8.73920153e-01
 8.68000041e+00 8.98261000e-01
 8.69000041e+00 9.21659032e-01
 8.70000041e+00 9.44100737e-01
 8.71000041e+00 9.65574014e-01
 8.72000041e+00 9.86067931e-01
 8.73000041e+00 1.00557173e+00
 8.74000042e+00 1.02407625e+00
 8.75000042e+00 1.04157328e+00
 8.76000042e+00 1.05805489e+00
 8.77000042e+00 1.07351483e+00
 8.78000042e+00 1.08794769e+00
 8.79000042e+00 1.10134835e+00
 8.80000042e+00 1.11371350e+00
 8.81000042e+00 1.12504046e+00
 8.82000042e+00 1.13532696e+00
 8.83000042e+00 1.14457255e+00
 8.84000042e+00 1.15277723e+00
 8.85000042e+00 1.15994159e+00
 8.86000042e+00 1.16606793e+00
 8.87000042e+00 1.17115892e+00
 8.88000042e+00 1.17521789e+00
 8.89000042e+00 1.17824983e+00
 8.90000042e+00 1.18025996e+00
 8.91000042e+00 1.18125431e+00
 8.92000042e+00 1.18124040e+00
 8.93000042e+00 1.18022591e+00
 8.94000042e+00 1.17821945e+00
 8.95000043e+00 1.17523093e+00
 8.96000043e+00 1.17127037e+00
 8.97000043e+00 1.16634882e+00
 8.98000043e+00 1.16047841e+00
 8.99000043e+00 1.15367138e+00
 9.00000043e+00 1.14594104e+00
 9.01000043e+00 1.13730157e+00
 9.02000043e+00 1.12776727e+00
 9.03000043e+00 1.11735353e+00
 9.04000043e+00 1.10607640e+00
 9.05000043e+00 1.09395208e+00
 9.06000043e+00 1.08099781e+00
 9.07000043e+00 1.06723134e+00
 9.08000043e+00 1.05267057e+00
 9.09000043e+00 1.03733442e+00
 9.10000043e+00 1.02124209e+00
 9.11000043e+00 1.00441305e+00
 9.12000043e+00 9.86867596e-01
 9.13000043e+00 9.68626259e-01
 9.14000043e+00 9.49709810e-01
 9.15000043e+00 9.30139746e-01
 9.16000044e+00 9.09937677e-01
 9.17000044e+00 8.89125531e-01
 9.18000044e+00 8.67725746e-01
 9.19000044e+00 8.45760857e-01
 9.20000044e+00 8.23253652e-01
 9.21000044e+00 8.00227330e-01
 9.22000044e+00 7.76705140e-01
 9.23000044e+00 7.52710543e-01
 9.24000044e+00 7.28267277e-01
 9.25000044e+00 7.03399103e-01
 9.26000044e+00 6.78129942e-01
 9.27000044e+00 6.52483868e-01
 9.28000044e+00 6.26484967e-01
 9.29000044e+00 6.00157403e-01
 9.30000044e+00 5.73525397e-01
 9.31000044e+00 5.46613172e-01
 9.32000044e+00 5.19444931e-01
 9.33000044e+00 4.92044866e-01
 9.34000044e+00 4.64437152e-01
 9.35000044e+00 4.36645838e-01
 9.36000044e+00 4.08694920e-01
 9.37000045e+00 3.80608319e-01
 9.38000045e+00 3.52409809e-01
 9.39000045e+00 3.24123003e-01
 9.40000045e+00 2.95771456e-01
 9.41000045e+00 2.67378390e-01
 9.42000045e+00 2.38966947e-01
 9.43000045e+00 2.10560123e-01
 9.44000045e+00 1.82180500e-01
 9.45000045e+00 1.53850584e-01
 9.46000045e+00 1.25592659e-01
 9.47000045e+00 9.74285359e-02
 9.48000045e+00 6.93799596e-02
 9.49000045e+00 4.14683598e-02
 9.50000045e+00 1.37146613e-02
 9.51000045e+00 -1.38602687e-02
 9.52000045e+00 -4.12359826e-02
 9.53000045e+00 -6.83925431e-02
 9.54000045e+00 -9.53100699e-02
 9.55000045e+00 -1.21969210e-01
 9.56000045e+00 -1.48351103e-01
 9.57000045e+00 -1.74436955e-01
 9.58000046e+00 -2.00208632e-01
 9.59000046e+00 -2.25648376e-01
 9.60000046e+00 -2.50738597e-01
 9.61000046e+00 -2.75462410e-01
 9.62000046e+00 -2.99803332e-01
 9.63000046e+00 -3.23745005e-01
 9.64000046e+00 -3.47271891e-01
 9.65000046e+00 -3.70368785e-01
 9.66000046e+00 -3.93020665e-01
 9.67000046e+00 -4.15213388e-01
 9.68000046e+00 -4.36933080e-01
 9.69000046e+00 -4.58166120e-01
 9.70000046e+00 -4.78899800e-01
 9.71000046e+00 -4.99121618e-01
 9.72000046e+00 -5.18819414e-01
 9.73000046e+00 -5.37981941e-01
 9.74000046e+00 -5.56598103e-01
 9.75000046e+00 -5.74657250e-01
 9.76000046e+00 -5.92149609e-01
 9.77000046e+00 -6.09065526e-01
 9.78000046e+00 -6.25395889e-01
 9.79000047e+00 -6.41132429e-01
 9.80000047e+00 -6.56266923e-01
 9.81000047e+00 -6.70791839e-01
 9.82000047e+00 -6.84700383e-01
 9.83000047e+00 -6.97985841e-01
 9.84000047e+00 -7.10642243e-01
 9.85000047e+00 -7.22664280e-01
 9.86000047e+00 -7.34046731e-01
 9.87000047e+00 -7.44785201e-01
 9.88000047e+00 -7.54875858e-01
 9.89000047e+00 -7.64314980e-01
 9.90000047e+00 -7.73099738e-01
 9.91000047e+00 -7.81227760e-01
 9.92000047e+00 -7.88696828e-01
 9.93000047e+00 -7.95505654e-01
 9.94000047e+00 -8.01653309e-01
 9.95000047e+00 -8.07139074e-01
 9.96000047e+00 -8.11963168e-01
 9.97000047e+00 -8.16126086e-01
 9.98000047e+00 -8.19628594e-01
 9.99000047e+00 -8.22472380e-01
 1.00000005e+01 -8.24659337e-01
 1.00100005e+01 -8.26191688e-01
 1.00200005e+01 -8.27072548e-01
 1.00300005e+01 -8.27305167e-01
 1.00400005e+01 -8.26893219e-01
 1.00500005e+01 -8.25841182e-01
 1.00600005e+01 -8.24153631e-01
 1.00700005e+01 -8.21835642e-01
 1.00800005e+01 -8.18893000e-01
 1.00900005e+01 -8.15331571e-01
 1.01000005e+01 -8.11157778e-01
 1.01100005e+01 -8.06378659e-01
 1.01200005e+01 -8.01001320e-01
 1.01300005e+01 -7.95033474e-01
 1.01400005e+01 -7.88483346e-01
 1.01500005e+01 -7.81359233e-01
 1.01600005e+01 -7.73670068e-01
 1.01700005e+01 -7.65425196e-01
 1.01800005e+01 -7.56634047e-01
 1.01900005e+01 -7.47306698e-01
 1.02000005e+01 -7.37453540e-01
 1.02100005e+01 -7.27085076e-01
 1.02200005e+01 -7.16212437e-01
 1.02300005e+01 -7.04846990e-01
 1.02400005e+01 -6.93000236e-01
 1.02500005e+01 -6.80684273e-01
 1.02600005e+01 -6.67911361e-01
 1.02700005e+01 -6.54693924e-01
 1.02800005e+01 -6.41044927e-01
 1.02900005e+01 -6.26977440e-01
 1.03000005e+01 -6.12504729e-01
 1.03100005e+01 -5.97640519e-01
 1.03200005e+01 -5.82398609e-01
 1.03300005e+01 -5.66793005e-01
 1.03400005e+01 -5.50838096e-01
 1.03500005e+01 -5.34548313e-01
 1.03600005e+01 -5.17938305e-01
 1.03700005e+01 -5.01023014e-01
 1.03800005e+01 -4.83817414e-01
 1.03900005e+01 -4.66336681e-01
 1.04000005e+01 -4.48596209e-01
 1.04100005e+01 -4.30611410e-01
 1.04200005e+01 -4.12397877e-01
 1.04300005e+01 -3.93971343e-01
 1.04400005e+01 -3.75347560e-01
 1.04500005e+01 -3.56542412e-01
 1.04600005e+01 -3.37571869e-01
 1.04700005e+01 -3.18451909e-01
 1.04800005e+01 -2.99198589e-01
 1.04900005e+01 -2.79828003e-01
 1.05000005e+01 -2.60356246e-01
 1.05100005e+01 -2.40799425e-01
 1.05200005e+01 -2.21173648e-01
 1.05300005e+01 -2.01495012e-01
 1.05400005e+01 -1.81779549e-01
 1.05500005e+01 -1.62043278e-01
 1.05600005e+01 -1.42302171e-01
 1.05700005e+01 -1.22572073e-01
 1.05800005e+01 -1.02868799e-01
 1.05900005e+01 -8.32080807e-02
 1.06000005e+01 -6.36054560e-02
 1.06100005e+01 -4.40764331e-02
 1.06200005e+01 -2.46363780e-02
 1.06300005e+01 -5.30041307e-03
 1.06400005e+01 1.39163687e-02
 1.06500005e+01 3.29990869e-02
 1.06600005e+01 5.19331384e-02
 1.06700005e+01 7.07039514e-02
 1.06800005e+01 8.92972476e-02
 1.06900005e+01 1.07699042e-01
 1.07000005e+01 1.25895387e-01
 1.07100005e+01 1.43872717e-01
 1.07200005e+01 1.61617757e-01
 1.07300005e+01 1.79117287e-01
 1.07400005e+01 1.96358554e-01
 1.07500005e+01 2.13329082e-01
 1.07600005e+01 2.30016472e-01
 1.07700005e+01 2.46408881e-01
 1.07800005e+01 2.62494708e-01
 1.07900005e+01 2.78262470e-01
 1.08000005e+01 2.93701313e-01
 1.08100005e+01 3.08800585e-01
 1.08200005e+01 3.23549809e-01
 1.08300005e+01 3.37939186e-01
 1.08400005e+01 3.51959079e-01
 1.08500005e+01 3.65600097e-01
 1.08600005e+01 3.78853553e-01
 1.08700005e+01 3.91710885e-01
 1.08800005e+01 4.04163857e-01
 1.08900005e+01 4.16204938e-01
 1.09000005e+01 4.27826691e-01
 1.09100005e+01 4.39022097e-01
 1.09200005e+01 4.49784811e-01
 1.09300005e+01 4.60108567e-01
 1.09400005e+01 4.69987604e-01
 1.09500005e+01 4.79416791e-01
 1.09600005e+01 4.88391063e-01
 1.09700005e+01 4.96905951e-01
 1.09800005e+01 5.04957547e-01
 1.09900005e+01 5.12542018e-01
 1.10000005e+01 5.19656197e-01
 1.10100005e+01 5.26297408e-01
 1.10200005e+01 5.32463061e-01
 1.10300005e+01 5.38151295e-01
 1.10400005e+01 5.43360657e-01
 1.10500005e+01 5.48089807e-01
 1.10600005e+01 5.52338178e-01
 1.10700005e+01 5.56105523e-01
 1.10800005e+01 5.59391752e-01
 1.10900005e+01 5.62197558e-01
 1.11000005e+01 5.64523879e-01
 1.11100005e+01 5.66371861e-01
 1.11200005e+01 5.67743417e-01
 1.11300005e+01 5.68640638e-01
 1.11400005e+01 5.69065878e-01
 1.11500005e+01 5.69022220e-01
 1.11600005e+01 5.68512868e-01
 1.11700005e+01 5.67541349e-01
 1.11800005e+01 5.66111851e-01
 1.11900005e+01 5.64228647e-01
 1.12000005e+01 5.61896385e-01
 1.12100005e+01 5.59120294e-01
 1.12200005e+01 5.55905661e-01
 1.12300005e+01 5.52258193e-01
 1.12400005e+01 5.48184085e-01
 1.12500005e+01 5.43689582e-01
 1.12600005e+01 5.38781374e-01
 1.12700005e+01 5.33466546e-01
 1.12800005e+01 5.27752236e-01
 1.12900005e+01 5.21646031e-01
 1.13000005e+01 5.15155831e-01
 1.13100005e+01 5.08289592e-01
 1.13200005e+01 5.01055711e-01
 1.13300005e+01 4.93462817e-01
 1.13400005e+01 4.85519608e-01
 1.13500005e+01 4.77235194e-01
 1.13600005e+01 4.68618851e-01
 1.13700005e+01 4.59679936e-01
 1.13800005e+01 4.50428174e-01
 1.13900005e+01 4.40873401e-01
 1.14000005e+01 4.31025544e-01
 1.14100005e+01 4.20894846e-01
 1.14200005e+01 4.10491616e-01
 1.14300005e+01 3.99826261e-01
 1.14400005e+01 3.88909439e-01
 1.14500005e+01 3.77751848e-01
 1.14600005e+01 3.66364279e-01
 1.14700005e+01 3.54757709e-01
 1.14800005e+01 3.42943136e-01
 1.14900005e+01 3.30931641e-01
 1.15000005e+01 3.18734424e-01
 1.15100005e+01 3.06362699e-01
 1.15200005e+01 2.93827737e-01
 1.15300005e+01 2.81140873e-01
 1.15400005e+01 2.68313449e-01
 1.15500005e+01 2.55356831e-01
 1.15600005e+01 2.42282403e-01
 1.15700005e+01 2.29101551e-01
 1.15800006e+01 2.15825508e-01
 1.15900006e+01 2.02465891e-01
 1.16000006e+01 1.89033914e-01
 1.16100006e+01 1.75540853e-01
 1.16200006e+01 1.61997953e-01
 1.16300006e+01 1.48416436e-01
 1.16400006e+01 1.34807406e-01
 1.16500006e+01 1.21181924e-01
 1.16600006e+01 1.07551012e-01
 1.16700006e+01 9.39255238e-02
 1.16800006e+01 8.03162671e-02
 1.16900006e+01 6.67339856e-02
 1.17000006e+01 5.31892131e-02
 1.17100006e+01 3.96924403e-02
 1.17200006e+01 2.62540585e-02
 1.17300006e+01 1.28842178e-02
 1.17400006e+01 -4.06969383e-04
 1.17500006e+01 -1.36095327e-02
 1.17600006e+01 -2.67137626e-02
 1.17700006e+01 -3.97099817e-02
 1.17800006e+01 -5.25887042e-02
 1.17900006e+01 -6.53407115e-02
 1.18000006e+01 -7.79568143e-02
 1.18100006e+01 -9.04280684e-02
 1.18200006e+01 -1.02745791e-01
 1.18300006e+01 -1.14901329e-01
 1.18400006e+01 -1.26886332e-01
 1.18500006e+01 -1.38692689e-01
 1.18600006e+01 -1.50312333e-01
 1.18700006e+01 -1.61737544e-01
 1.18800006e+01 -1.72960824e-01
 1.18900006e+01 -1.83974727e-01
 1.19000006e+01 -1.94772204e-01
 1.19100006e+01 -2.05346395e-01
 1.19200006e+01 -2.15690515e-01
 1.19300006e+01 -2.25798213e-01
 1.19400006e+01 -2.35663291e-01
 1.19500006e+01 -2.45279661e-01
 1.19600006e+01 -2.54641688e-01
 1.19700006e+01 -2.63743858e-01
 1.19800006e+01 -2.72580808e-01
 1.19900006e+01 -2.81147633e-01
 1.20000006e+01 -2.89439522e-01
 1.20100006e+01 -2.97451856e-01
 1.20200006e+01 -3.05180473e-01
 1.20300006e+01 -3.12621273e-01
 1.20400006e+01 -3.19770406e-01
 1.20500006e+01 -3.26624449e-01
 1.20600006e+01 -3.33180028e-01
 1.20700006e+01 -3.39434068e-01
 1.20800006e+01 -3.45383888e-01
 1.20900006e+01 -3.51026846e-01
 1.21000006e+01 -3.56360647e-01
 1.21100006e+01 -3.61383345e-01
 1.21200006e+01 -3.66093036e-01
 1.21300006e+01 -3.70488201e-01
 1.21400006e+01 -3.74567623e-01
 1.21500006e+01 -3.78330132e-01
 1.21600006e+01 -3.81774981e-01
 1.21700006e+01 -3.84901670e-01
 1.21800006e+01 -3.87709761e-01
 1.21900006e+01 -3.90199261e-01
 1.22000006e+01 -3.92370374e-01
 1.22100006e+01 -3.94223389e-01
 1.22200006e+01 -3.95759046e-01
 1.22300006e+01 -3.96978236e-01
 1.22400006e+01 -3.97881965e-01
 1.22500006e+01 -3.98471681e-01
 1.22600006e+01 -3.98748945e-01
 1.22700006e+01 -3.98715462e-01
 1.22800006e+01 -3.98373360e-01
 1.22900006e+01 -3.97724848e-01
 1.23000006e+01 -3.96772311e-01
 1.23100006e+01 -3.95518525e-01
 1.23200006e+01 -3.93966322e-01
 1.23300006e+01 -3.92118743e-01
 1.23400006e+01 -3.89979177e-01
 1.23500006e+01 -3.87551054e-01
 1.23600006e+01 -3.84838039e-01
 1.23700006e+01 -3.81844099e-01
 1.23800006e+01 -3.78573230e-01
 1.23900006e+01 -3.75029690e-01
 1.24000006e+01 -3.71217982e-01
 1.24100006e+01 -3.67142641e-01
 1.24200006e+01 -3.62808473e-01
 1.24300006e+01 -3.58220481e-01
 1.24400006e+01 -3.53383703e-01
 1.24500006e+01 -3.48303448e-01
 1.24600006e+01 -3.42985181e-01
 1.24700006e+01 -3.37434404e-01
 1.24800006e+01 -3.31656885e-01
 1.24900006e+01 -3.25658504e-01
 1.25000006e+01 -3.19445189e-01
 1.25100006e+01 -3.13023115e-01
 1.25200006e+01 -3.06398536e-01
 1.25300006e+01 -2.99577762e-01
 1.25400006e+01 -2.92567324e-01
 1.25500006e+01 -2.85373804e-01
 1.25600006e+01 -2.78003849e-01
 1.25700006e+01 -2.70464291e-01
 1.25800006e+01 -2.62761995e-01
 1.25900006e+01 -2.54903896e-01
 1.26000006e+01 -2.46897073e-01
 1.26100006e+01 -2.38748628e-01
 1.26200006e+01 -2.30465729e-01
 1.26300006e+01 -2.22055653e-01
 1.26400006e+01 -2.13525687e-01
 1.26500006e+01 -2.04883179e-01
 1.26600006e+01 -1.96135550e-01
 1.26700006e+01 -1.87290225e-01
 1.26800006e+01 -1.78354674e-01
 1.26900006e+01 -1.69336410e-01
 1.27000006e+01 -1.60242945e-01
 1.27100006e+01 -1.51081817e-01
 1.27200006e+01 -1.41860576e-01
 1.27300006e+01 -1.32586774e-01
 1.27400006e+01 -1.23267954e-01
 1.27500006e+01 -1.13911658e-01
 1.27600006e+01 -1.04525421e-01
 1.27700006e+01 -9.51167409e-02
 1.27800006e+01 -8.56930983e-02
 1.27900006e+01 -7.62619606e-02
 1.28000006e+01 -6.68307232e-02
 1.28100006e+01 -5.74067602e-02
 1.28200006e+01 -4.79974168e-02
 1.28300006e+01 -3.86099354e-02
 1.28400006e+01 -2.92515356e-02
 1.28500006e+01 -1.99293877e-02
 1.28600006e+01 -1.06505324e-02
 1.28700006e+01 -1.42198905e-03
 1.28800006e+01 7.74929901e-03
 1.28900006e+01 1.68565379e-02
 1.29000006e+01 2.58929533e-02
 1.29100006e+01 3.48518788e-02
 1.29200006e+01 4.37268097e-02
 1.29300006e+01 5.25112594e-02
 1.29400006e+01 6.11988860e-02
 1.29500006e+01 6.97835129e-02
 1.29600006e+01 7.82589825e-02
 1.29700006e+01 8.66193212e-02
 1.29800006e+01 9.48587160e-02
 1.29900006e+01 1.02971378e-01
 1.30000006e+01 1.10951741e-01
 1.30100006e+01 1.18794389e-01
 1.30200006e+01 1.26493938e-01
 1.30300006e+01 1.34045265e-01
 1.30400006e+01 1.41443378e-01
 1.30500006e+01 1.48683335e-01
 1.30600006e+01 1.55760485e-01
 1.30700006e+01 1.62670287e-01
 1.30800006e+01 1.69408270e-01
 1.30900006e+01 1.75970281e-01
 1.31000006e+01 1.82352252e-01
 1.31100006e+01 1.88550215e-01
 1.31200006e+01 1.94560529e-01
 1.31300006e+01 2.00379620e-01
 1.31400006e+01 2.06004047e-01
 1.31500006e+01 2.11430696e-01
 1.31600006e+01 2.16656503e-01
 1.31700006e+01 2.21678574e-01
 1.31800006e+01 2.26494329e-01
 1.31900006e+01 2.31101229e-01
 1.32000006e+01 2.35496939e-01
 1.32100006e+01 2.39679422e-01
 1.32200006e+01 2.43646669e-01
 1.32300006e+01 2.47396916e-01
 1.32400006e+01 2.50928667e-01
 1.32500006e+01 2.54240452e-01
 1.32600006e+01 2.57331081e-01
 1.32700006e+01 2.60199594e-01
 1.32800006e+01 2.62845065e-01
 1.32900006e+01 2.65266873e-01
 1.33000006e+01 2.67464590e-01
 1.33100006e+01 2.69437831e-01
 1.33200006e+01 2.71186537e-01
 1.33300006e+01 2.72710802e-01
 1.33400006e+01 2.74010780e-01
 1.33500006e+01 2.75086957e-01
 1.33600006e+01 2.75939940e-01
 1.33700006e+01 2.76570411e-01
 1.33800006e+01 2.76979385e-01
 1.33900006e+01 2.77167964e-01
 1.34000006e+01 2.77137350e-01
 1.34100006e+01 2.76889061e-01
 1.34200006e+01 2.76424679e-01
 1.34300006e+01 2.75745907e-01
 1.34400006e+01 2.74854744e-01
 1.34500006e+01 2.73753227e-01
 1.34600006e+01 2.72443545e-01
 1.34700006e+01 2.70928144e-01
 1.34800006e+01 2.69209501e-01
 1.34900006e+01 2.67290258e-01
 1.35000006e+01 2.65173283e-01
 1.35100006e+01 2.62861465e-01
 1.35200006e+01 2.60357875e-01
 1.35300006e+01 2.57665769e-01
 1.35400006e+01 2.54788421e-01
 1.35500006e+01 2.51729297e-01
 1.35600006e+01 2.48492008e-01
 1.35700006e+01 2.45080189e-01
 1.35800006e+01 2.41497661e-01
 1.35900006e+01 2.37748359e-01
 1.36000006e+01 2.33836246e-01
 1.36100006e+01 2.29765463e-01
 1.36200006e+01 2.25540234e-01
 1.36300006e+01 2.21164815e-01
 1.36400006e+01 2.16643629e-01
 1.36500006e+01 2.11981155e-01
 1.36600006e+01 2.07181908e-01
 1.36700006e+01 2.02250551e-01
 1.36800006e+01 1.97191783e-01
 1.36900007e+01 1.92010290e-01
 1.37000007e+01 1.86711038e-01
 1.37100007e+01 1.81298860e-01
 1.37200007e+01 1.75778680e-01
 1.37300007e+01 1.70155519e-01
 1.37400007e+01 1.64434409e-01
 1.37500007e+01 1.58620424e-01
 1.37600007e+01 1.52718701e-01
 1.37700007e+01 1.46734389e-01
 1.37800007e+01 1.40672664e-01
 1.37900007e+01 1.34538749e-01
 1.38000007e+01 1.28337868e-01
 1.38100007e+01 1.22075264e-01
 1.38200007e+01 1.15756205e-01
 1.38300007e+01 1.09385955e-01
 1.38400007e+01 1.02969785e-01
 1.38500007e+01 9.65129707e-02
 1.38600007e+01 9.00207830e-02
 1.38700007e+01 8.34984798e-02
 1.38800007e+01 7.69513096e-02
 1.38900007e+01 7.03845157e-02
 1.39000007e+01 6.38033040e-02
 1.39100007e+01 5.72128647e-02
 1.39200007e+01 5.06183762e-02
 1.39300007e+01 4.40249574e-02
 1.39400007e+01 3.74377083e-02
 1.39500007e+01 3.08617073e-02
 1.39600007e+01 2.43019528e-02
 1.39700007e+01 1.77634239e-02
 1.39800007e+01 1.12510649e-02
 1.39900007e+01 4.76972243e-03
 1.40000007e+01 -1.67577439e-03
 1.40100007e+01 -8.08064876e-03
 1.40200007e+01 -1.44402344e-02
 1.40300007e+01 -2.07498801e-02
 1.40400007e+01 -2.70050083e-02
 1.40500007e+01 -3.32011592e-02
 1.40600007e+01 -3.93338864e-02
 1.40700007e+01 -4.53988411e-02
 1.40800007e+01 -5.13917939e-02
 1.40900007e+01 -5.73085286e-02
 1.41000007e+01 -6.31449524e-02
 1.41100007e+01 -6.88970879e-02
 1.41200007e+01 -7.45609734e-02
 1.41300007e+01 -8.01327963e-02
 1.41400007e+01 -8.56088510e-02
 1.41500007e+01 -9.09854528e-02
 1.41600007e+01 -9.62590907e-02
 1.41700007e+01 -1.01426348e-01
 1.41800007e+01 -1.06483840e-01
 1.41900007e+01 -1.11428373e-01
 1.42000007e+01 -1.16256837e-01
 1.42100007e+01 -1.20966163e-01
 1.42200007e+01 -1.25553494e-01
 1.42300007e+01 -1.30016038e-01
 1.42400007e+01 -1.34351061e-01
 1.42500007e+01 -1.38556052e-01
 1.42600007e+01 -1.42628549e-01
 1.42700007e+01 -1.46566171e-01
 1.42800007e+01 -1.50366759e-01
 1.42900007e+01 -1.54028191e-01
 1.43000007e+01 -1.57548453e-01
 1.43100007e+01 -1.60925743e-01
 1.43200007e+01 -1.64158289e-01
 1.43300007e+01 -1.67244450e-01
 1.43400007e+01 -1.70182787e-01
 1.43500007e+01 -1.72971884e-01
 1.43600007e+01 -1.75610480e-01
 1.43700007e+01 -1.78097499e-01
 1.43800007e+01 -1.80431886e-01
 1.43900007e+01 -1.82612763e-01
 1.44000007e+01 -1.84639416e-01
 1.44100007e+01 -1.86511153e-01
 1.44200007e+01 -1.88227480e-01
 1.44300007e+01 -1.89788041e-01
 1.44400007e+01 -1.91192508e-01
 1.44500007e+01 -1.92440767e-01
 1.44600007e+01 -1.93532816e-01
 1.44700007e+01 -1.94468688e-01
 1.44800007e+01 -1.95248644e-01
 1.44900007e+01 -1.95873027e-01
 1.45000007e+01 -1.96342232e-01
 1.45100007e+01 -1.96656878e-01
 1.45200007e+01 -1.96817651e-01
 1.45300007e+01 -1.96825298e-01
 1.45400007e+01 -1.96680788e-01
 1.45500007e+01 -1.96385134e-01
 1.45600007e+01 -1.95939431e-01
 1.45700007e+01 -1.95344979e-01
 1.45800007e+01 -1.94603111e-01
 1.45900007e+01 -1.93715256e-01
 1.46000007e+01 -1.92683029e-01
 1.46100007e+01 -1.91508070e-01
 1.46200007e+01 -1.90192127e-01
 1.46300007e+01 -1.88737114e-01
 1.46400007e+01 -1.87144958e-01
 1.46500007e+01 -1.85417715e-01
 1.46600007e+01 -1.83557573e-01
 1.46700007e+01 -1.81566737e-01
 1.46800007e+01 -1.79447542e-01
 1.46900007e+01 -1.77202437e-01
 1.47000007e+01 -1.74833883e-01
 1.47100007e+01 -1.72344476e-01
 1.47200007e+01 -1.69736899e-01
 1.47300007e+01 -1.67013853e-01
 1.47400007e+01 -1.64178169e-01
 1.47500007e+01 -1.61232745e-01
 1.47600007e+01 -1.58180498e-01
 1.47700007e+01 -1.55024469e-01
 1.47800007e+01 -1.51767748e-01
 1.47900007e+01 -1.48413445e-01
 1.48000007e+01 -1.44964786e-01
 1.48100007e+01 -1.41425025e-01
 1.48200007e+01 -1.37797447e-01
 1.48300007e+01 -1.34085429e-01
 1.48400007e+01 -1.30292370e-01
 1.48500007e+01 -1.26421700e-01
 1.48600007e+01 -1.22476922e-01
 1.48700007e+01 -1.18461554e-01
 1.48800007e+01 -1.14379143e-01
 1.48900007e+01 -1.10233292e-01
 1.49000007e+01 -1.06027613e-01
 1.49100007e+01 -1.01765740e-01
 1.49200007e+01 -9.74513501e-02
 1.49300007e+01 -9.30881200e-02
 1.49400007e+01 -8.86797477e-02
 1.49500007e+01 -8.42299518e-02
 1.49600007e+01 -7.97424521e-02
 1.49700007e+01 -7.52209777e-02
 1.49800007e+01 -7.06692646e-02
 1.49900007e+01 -6.60910487e-02
 1.50000007e+01 -6.14900609e-02
 1.50100007e+01 -5.68700293e-02
 1.50200007e+01 -5.22346791e-02
 1.50300007e+01 -4.75877148e-02
 1.50400007e+01 -4.29328313e-02
 1.50500007e+01 -3.82737167e-02
 1.50600007e+01 -3.36140216e-02
 1.50700007e+01 -2.89573837e-02
 1.50800007e+01 -2.43074274e-02
 1.50900007e+01 -1.96677236e-02
 1.51000007e+01 -1.50418292e-02
 1.51100007e+01 -1.04332788e-02
 1.51200007e+01 -5.84553923e-03
 1.51300007e+01 -1.28206433e-03
 1.51400007e+01 3.25372677e-03
 1.51500007e+01 7.75849359e-03
 1.51600007e+01 1.22289071e-02
 1.51700007e+01 1.66616881e-02
 1.51800007e+01 2.10536430e-02
 1.51900007e+01 2.54015883e-02
 1.52000007e+01 2.97024076e-02
 1.52100007e+01 3.39530729e-02
 1.52200007e+01 3.81505657e-02
 1.52300007e+01 4.22919539e-02
 1.52400007e+01 4.63743919e-02
 1.52500007e+01 5.03950447e-02
 1.52600007e+01 5.43511833e-02
 1.52700007e+01 5.82401596e-02
 1.52800007e+01 6.20593396e-02
 1.52900007e+01 6.58062137e-02
 1.53000007e+01 6.94783449e-02
 1.53100007e+01 7.30733162e-02
 1.53200007e+01 7.65888511e-02
 1.53300007e+01 8.00227354e-02
 1.53400007e+01 8.33727836e-02
 1.53500007e+01 8.66369637e-02
 1.53600007e+01 8.98132940e-02
 1.53700007e+01 9.28998338e-02
 1.53800007e+01 9.58948036e-02
 1.53900007e+01 9.87964625e-02
 1.54000007e+01 1.01603126e-01
 1.54100007e+01 1.04313273e-01
 1.54200007e+01 1.06925411e-01
 1.54300007e+01 1.09438119e-01
 1.54400007e+01 1.11850138e-01
 1.54500007e+01 1.14160228e-01
 1.54600007e+01 1.16367241e-01
 1.54700007e+01 1.18470179e-01
 1.54800007e+01 1.20468061e-01
 1.54900007e+01 1.22360013e-01
 1.55000007e+01 1.24145299e-01
 1.55100007e+01 1.25823196e-01
 1.55200007e+01 1.27393109e-01
 1.55300007e+01 1.28854560e-01
 1.55400007e+01 1.30207087e-01
 1.55500007e+01 1.31450369e-01
 1.55600007e+01 1.32584183e-01
 1.55700007e+01 1.33608328e-01
 1.55800007e+01 1.34522751e-01
 1.55900007e+01 1.35327483e-01
 1.56000007e+01 1.36022577e-01
 1.56100007e+01 1.36608243e-01
 1.56200007e+01 1.37084758e-01
 1.56300007e+01 1.37452428e-01
 1.56400007e+01 1.37711717e-01
 1.56500007e+01 1.37863137e-01
 1.56600007e+01 1.37907243e-01
 1.56700007e+01 1.37844740e-01
 1.56800007e+01 1.37676371e-01
 1.56900007e+01 1.37402928e-01
 1.57000007e+01 1.37025347e-01
 1.57100007e+01 1.36544589e-01
 1.57200007e+01 1.35961678e-01
 1.57300007e+01 1.35277765e-01
 1.57400007e+01 1.34494020e-01
 1.57500007e+01 1.33611684e-01
 1.57600007e+01 1.32632111e-01
 1.57700007e+01 1.31556667e-01
 1.57800007e+01 1.30386798e-01
 1.57900007e+01 1.29124045e-01
 1.58000008e+01 1.27769944e-01
 1.58100008e+01 1.26326159e-01
 1.58200008e+01 1.24794388e-01
 1.58300008e+01 1.23176354e-01
 1.58400008e+01 1.21473864e-01
 1.58500008e+01 1.19688787e-01
 1.58600008e+01 1.17823002e-01
 1.58700008e+01 1.15878473e-01
 1.58800008e+01 1.13857207e-01
 1.58900008e+01 1.11761226e-01
 1.59000008e+01 1.09592629e-01
 1.59100008e+01 1.07353550e-01
 1.59200008e+01 1.05046134e-01
 1.59300008e+01 1.02672601e-01
 1.59400008e+01 1.00235189e-01
 1.59500008e+01 9.77361567e-02
 1.59600008e+01 9.51778200e-02
 1.59700008e+01 9.25625098e-02
 1.59800008e+01 8.98925753e-02
 1.59900008e+01 8.71704140e-02
 1.60000008e+01 8.43984311e-02
 1.60100008e+01 8.15790501e-02
 1.60200008e+01 7.87147301e-02
 1.60300008e+01 7.58079346e-02
 1.60400008e+01 7.28611429e-02
 1.60500008e+01 6.98768578e-02
 1.60600008e+01 6.68575845e-02
 1.60700008e+01 6.38058394e-02
 1.60800008e+01 6.07241518e-02
 1.60900008e+01 5.76150519e-02
 1.61000008e+01 5.44810745e-02
 1.61100008e+01 5.13247585e-02
 1.61200008e+01 4.81486427e-02
 1.61300008e+01 4.49552619e-02
 1.61400008e+01 4.17471485e-02
 1.61500008e+01 3.85268331e-02
 1.61600008e+01 3.52968328e-02
 1.61700008e+01 3.20596578e-02
 1.61800008e+01 2.88178142e-02
 1.61900008e+01 2.55737842e-02
 1.62000008e+01 2.23300409e-02
 1.62100008e+01 1.90890494e-02
 1.62200008e+01 1.58532410e-02
 1.62300008e+01 1.26250369e-02
 1.62400008e+01 9.40684560e-03
 1.62500008e+01 6.20103195e-03
 1.62600008e+01 3.00995199e-03
 1.62700008e+01 -1.64058890e-04
 1.62800008e+01 -3.31871565e-03
 1.62900008e+01 -6.45174110e-03
 1.63000008e+01 -9.56088791e-03
 1.63100008e+01 -1.26439638e-02
 1.63200008e+01 -1.56987831e-02
 1.63300008e+01 -1.87232010e-02
 1.63400008e+01 -2.17151296e-02
 1.63500008e+01 -2.46724872e-02
 1.63600008e+01 -2.75932448e-02
 1.63700008e+01 -3.04754295e-02
 1.63800008e+01 -3.33170754e-02
 1.63900008e+01 -3.61162812e-02
 1.64000008e+01 -3.88711992e-02
 1.64100008e+01 -4.15799899e-02
 1.64200008e+01 -4.42408909e-02
 1.64300008e+01 -4.68521881e-02
 1.64400008e+01 -4.94121793e-02
 1.64500008e+01 -5.19192500e-02
 1.64600008e+01 -5.43718279e-02
 1.64700008e+01 -5.67683574e-02
 1.64800008e+01 -5.91073804e-02
 1.64900008e+01 -6.13874727e-02
 1.65000008e+01 -6.36072351e-02
 1.65100008e+01 -6.57653712e-02
 1.65200008e+01 -6.78606118e-02
 1.65300008e+01 -6.98917218e-02
 1.65400008e+01 -7.18575716e-02
 1.65500008e+01 -7.37570520e-02
 1.65600008e+01 -7.55890992e-02
 1.65700008e+01 -7.73527534e-02
 1.65800008e+01 -7.90470704e-02
 1.65900008e+01 -8.06711629e-02
 1.66000008e+01 -8.22242435e-02
 1.66100008e+01 -8.37055364e-02
 1.66200008e+01 -8.51143351e-02
 1.66300008e+01 -8.64500255e-02
 1.66400008e+01 -8.77120031e-02
 1.66500008e+01 -8.88997447e-02
 1.66600008e+01 -9.00128095e-02
 1.66700008e+01 -9.10507666e-02
 1.66800008e+01 -9.20132767e-02
 1.66900008e+01 -9.29000717e-02
 1.67000008e+01 -9.37108952e-02
 1.67100008e+01 -9.44455909e-02
 1.67200008e+01 -9.51040618e-02
 1.67300008e+01 -9.56862262e-02
 1.67400008e+01 -9.61921083e-02
 1.67500008e+01 -9.66217797e-02
 1.67600008e+01 -9.69753325e-02
 1.67700008e+01 -9.72529673e-02
 1.67800008e+01 -9.74549212e-02
 1.67900008e+01 -9.75814583e-02
 1.68000008e+01 -9.76329499e-02
 1.68100008e+01 -9.76097944e-02
 1.68200008e+01 -9.75124248e-02
 1.68300008e+01 -9.73413769e-02
 1.68400008e+01 -9.70972051e-02
 1.68500008e+01 -9.67805073e-02
 1.68600008e+01 -9.63919755e-02
 1.68700008e+01 -9.59323154e-02
 1.68800008e+01 -9.54022830e-02
 1.68900008e+01 -9.48027190e-02
 1.69000008e+01 -9.41344732e-02
 1.69100008e+01 -9.33984531e-02
 1.69200008e+01 -9.25956386e-02
 1.69300008e+01 -9.17270171e-02
 1.69400008e+01 -9.07936383e-02
 1.69500008e+01 -8.97966121e-02
 1.69600008e+01 -8.87370555e-02
 1.69700008e+01 -8.76161504e-02
 1.69800008e+01 -8.64351270e-02
 1.69900008e+01 -8.51952231e-02
 1.70000008e+01 -8.38977419e-02
 1.70100008e+01 -8.25440233e-02
 1.70200008e+01 -8.11354167e-02
 1.70300008e+01 -7.96733345e-02
 1.70400008e+01 -7.81592157e-02
 1.70500008e+01 -7.65945111e-02
 1.70600008e+01 -7.49807294e-02
 1.70700008e+01 -7.33193981e-02
 1.70800008e+01 -7.16120580e-02
 1.70900008e+01 -6.98603014e-02
 1.71000008e+01 -6.80657325e-02
 1.71100008e+01 -6.62299708e-02
 1.71200008e+01 -6.43546785e-02
 1.71300008e+01 -6.24415252e-02
 1.71400008e+01 -6.04921963e-02
 1.71500008e+01 -5.85084106e-02
 1.71600008e+01 -5.64918913e-02
 1.71700008e+01 -5.44443765e-02
 1.71800008e+01 -5.23676284e-02
 1.71900008e+01 -5.02634117e-02
 1.72000008e+01 -4.81335036e-02
 1.72100008e+01 -4.59796965e-02
 1.72200008e+01 -4.38037844e-02
 1.72300008e+01 -4.16075695e-02
 1.72400008e+01 -3.93928620e-02
 1.72500008e+01 -3.71614724e-02
 1.72600008e+01 -3.49152141e-02
 1.72700008e+01 -3.26559023e-02
 1.72800008e+01 -3.03853518e-02
 1.72900008e+01 -2.81053730e-02
 1.73000008e+01 -2.58177742e-02
 1.73100008e+01 -2.35243616e-02
 1.73200008e+01 -2.12269294e-02
 1.73300008e+01 -1.89272670e-02
 1.73400008e+01 -1.66271594e-02
 1.73500008e+01 -1.43283715e-02
 1.73600008e+01 -1.20326625e-02
 1.73700008e+01 -9.74178333e-03
 1.73800008e+01 -7.45745783e-03
 1.73900008e+01 -5.18140351e-03
 1.74000008e+01 -2.91532511e-03
 1.74100008e+01 -6.60893731e-04
 1.74200008e+01 1.58022518e-03
 1.74300008e+01 3.80638546e-03
 1.74400008e+01 6.01597906e-03
 1.74500008e+01 8.20740289e-03
 1.74600008e+01 1.03790810e-02
 1.74700008e+01 1.25294778e-02
 1.74800008e+01 1.46570626e-02
 1.74900008e+01 1.67603403e-02
 1.75000008e+01 1.88378569e-02
 1.75100008e+01 2.08881630e-02
 1.75200008e+01 2.29098544e-02
 1.75300008e+01 2.49015665e-02
 1.75400008e+01 2.68619402e-02
 1.75500008e+01 2.87896710e-02
 1.75600008e+01 3.06834907e-02
 1.75700008e+01 3.25421390e-02
 1.75800008e+01 3.43644184e-02
 1.75900008e+01 3.61491636e-02
 1.76000008e+01 3.78952206e-02
 1.76100008e+01 3.96015056e-02
 1.76200008e+01 4.12669614e-02
 1.76300008e+01 4.28905475e-02
 1.76400008e+01 4.44712984e-02
 1.76500008e+01 4.60082703e-02
 1.76600008e+01 4.75005421e-02
 1.76700008e+01 4.89472707e-02
 1.76800008e+01 5.03476292e-02
 1.76900008e+01 5.17008217e-02
 1.77000008e+01 5.30061297e-02
 1.77100008e+01 5.42628467e-02
 1.77200008e+01 5.54703060e-02
 1.77300008e+01 5.66279152e-02
 1.77400008e+01 5.77350911e-02
 1.77500008e+01 5.87912989e-02
 1.77600008e+01 5.97960731e-02
 1.77700008e+01 6.07489554e-02
 1.77800008e+01 6.16495447e-02
 1.77900008e+01 6.24975020e-02
 1.78000008e+01 6.32924953e-02
 1.78100008e+01 6.40342571e-02
 1.78200008e+01 6.47225744e-02
 1.78300008e+01 6.53572414e-02
 1.78400008e+01 6.59381238e-02
 1.78500008e+01 6.64651321e-02
 1.78600008e+01 6.69381872e-02
 1.78700008e+01 6.73572850e-02
 1.78800008e+01 6.77224578e-02
 1.78900008e+01 6.80337514e-02
 1.79000009e+01 6.82912912e-02
 1.79100009e+01 6.84952229e-02
 1.79200009e+01 6.86457185e-02
 1.79300009e+01 6.87430234e-02
 1.79400009e+01 6.87874039e-02
 1.79500009e+01 6.87791492e-02
 1.79600009e+01 6.87186221e-02
 1.79700009e+01 6.86061998e-02
 1.79800009e+01 6.84422882e-02
 1.79900009e+01 6.82273611e-02
 1.80000009e+01 6.79619024e-02
 1.80100009e+01 6.76464298e-02
 1.80200009e+01 6.72815216e-02
 1.80300009e+01 6.68677631e-02
 1.80400009e+01 6.64057783e-02
 1.80500009e+01 6.58962429e-02
 1.80600009e+01 6.53398383e-02
 1.80700009e+01 6.47372878e-02
 1.80800009e+01 6.40893577e-02
 1.80900009e+01 6.33968194e-02
 1.81000009e+01 6.26604879e-02
 1.81100009e+01 6.18812127e-02
 1.81200009e+01 6.10598486e-02
 1.81300009e+01 6.01972943e-02
 1.81400009e+01 5.92944750e-02
 1.81500009e+01 5.83523220e-02
 1.81600009e+01 5.73718089e-02
 1.81700009e+01 5.63539289e-02
 1.81800009e+01 5.52996823e-02
 1.81900009e+01 5.42101089e-02
 1.82000009e+01 5.30862617e-02
 1.82100009e+01 5.19292026e-02
 1.82200009e+01 5.07400278e-02
 1.82300009e+01 4.95198426e-02
 1.82400009e+01 4.82697619e-02
 1.82500009e+01 4.69909296e-02
 1.82600009e+01 4.56844948e-02
 1.82700009e+01 4.43516170e-02
 1.82800009e+01 4.29934782e-02
 1.82900009e+01 4.16112637e-02
 1.83000009e+01 4.02061684e-02
 1.83100009e+01 3.87794036e-02
 1.83200009e+01 3.73321823e-02
 1.83300009e+01 3.58657259e-02
 1.83400009e+01 3.43812660e-02
 1.83500009e+01 3.28800354e-02
 1.83600009e+01 3.13632724e-02
 1.83700009e+01 2.98322207e-02
 1.83800009e+01 2.82881245e-02
 1.83900009e+01 2.67322297e-02
 1.84000009e+01 2.51657838e-02
 1.84100009e+01 2.35900342e-02
 1.84200009e+01 2.20062256e-02
 1.84300009e+01 2.04156012e-02
 1.84400009e+01 1.88194033e-02
 1.84500009e+01 1.72188664e-02
 1.84600009e+01 1.56152220e-02
 1.84700009e+01 1.40096990e-02
 1.84800009e+01 1.24035135e-02
 1.84900009e+01 1.07978776e-02
 1.85000009e+01 9.19399883e-03
 1.85100009e+01 7.59306701e-03
 1.85200009e+01 5.99626781e-03
 1.85300009e+01 4.40477921e-03
 1.85400009e+01 2.81975748e-03
 1.85500009e+01 1.24235500e-03
 1.85600009e+01 -3.26287525e-04
 1.85700009e+01 -1.88505417e-03
 1.85800009e+01 -3.43283241e-03
 1.85900009e+01 -4.96852627e-03
 1.86000009e+01 -6.49106635e-03
 1.86100009e+01 -7.99938629e-03
 1.86200009e+01 -9.49244182e-03
 1.86300009e+01 -1.09692158e-02
 1.86400009e+01 -1.24286940e-02
 1.86500009e+01 -1.38698902e-02
 1.86600009e+01 -1.52918448e-02
 1.86700009e+01 -1.66936014e-02
 1.86800009e+01 -1.80742378e-02
 1.86900009e+01 -1.94328563e-02
 1.87000009e+01 -2.07685638e-02
 1.87100009e+01 -2.20805073e-02
 1.87200009e+01 -2.33678551e-02
 1.87300009e+01 -2.46297828e-02
 1.87400009e+01 -2.58655104e-02
 1.87500009e+01 -2.70742765e-02
 1.87600009e+01 -2.82553295e-02
 1.87700009e+01 -2.94079664e-02
 1.87800009e+01 -3.05314992e-02
 1.87900009e+01 -3.16252536e-02
 1.88000009e+01 -3.26886063e-02
 1.88100009e+01 -3.37209452e-02
 1.88200009e+01 -3.47216775e-02
 1.88300009e+01 -3.56902614e-02
 1.88400009e+01 -3.66261635e-02
 1.88500009e+01 -3.75288753e-02
 1.88600009e+01 -3.83979379e-02
 1.88700009e+01 -3.92328989e-02
 1.88800009e+01 -4.00333365e-02
 1.88900009e+01 -4.07988755e-02
 1.89000009e+01 -4.15291460e-02
 1.89100009e+01 -4.22238145e-02
 1.89200009e+01 -4.28825901e-02
 1.89300009e+01 -4.35051866e-02
 1.89400009e+01 -4.40913596e-02
 1.89500009e+01 -4.46409023e-02
 1.89600009e+01 -4.51536129e-02
 1.89700009e+01 -4.56293364e-02
 1.89800009e+01 -4.60679494e-02
 1.89900009e+01 -4.64693350e-02
 1.90000009e+01 -4.68334264e-02
 1.90100009e+01 -4.71601830e-02
 1.90200009e+01 -4.74495725e-02
 1.90300009e+01 -4.77016151e-02
 1.90400009e+01 -4.79163511e-02
 1.90500009e+01 -4.80938327e-02
 1.90600009e+01 -4.82341644e-02
 1.90700009e+01 -4.83374662e-02
 1.90800009e+01 -4.84038731e-02
 1.90900009e+01 -4.84335714e-02
 1.91000009e+01 -4.84267584e-02
 1.91100009e+01 -4.83836505e-02
 1.91200009e+01 -4.83045122e-02
 1.91300009e+01 -4.81896158e-02
 1.91400009e+01 -4.80392566e-02
 1.91500009e+01 -4.78537734e-02
 1.91600009e+01 -4.76335109e-02
 1.91700009e+01 -4.73788399e-02
 1.91800009e+01 -4.70901701e-02
 1.91900009e+01 -4.67679147e-02
 1.92000009e+01 -4.64125169e-02
 1.92100009e+01 -4.60244523e-02
 1.92200009e+01 -4.56041998e-02
 1.92300009e+01 -4.51522700e-02
 1.92400009e+01 -4.46692002e-02
 1.92500009e+01 -4.41555312e-02
 1.92600009e+01 -4.36118361e-02
 1.92700009e+01 -4.30387090e-02
 1.92800009e+01 -4.24367482e-02
 1.92900009e+01 -4.18065843e-02
 1.93000009e+01 -4.11488633e-02
 1.93100009e+01 -4.04642366e-02
 1.93200009e+01 -3.97533860e-02
 1.93300009e+01 -3.90170047e-02
 1.93400009e+01 -3.82557921e-02
 1.93500009e+01 -3.74704756e-02
 1.93600009e+01 -3.66617900e-02
 1.93700009e+01 -3.58304777e-02
 1.93800009e+01 -3.49773052e-02
 1.93900009e+01 -3.41030440e-02
 1.94000009e+01 -3.32084736e-02
 1.94100009e+01 -3.22943936e-02
 1.94200009e+01 -3.13616065e-02
 1.94300009e+01 -3.04109231e-02
 1.94400009e+01 -2.94431698e-02
 1.94500009e+01 -2.84591745e-02
 1.94600009e+01 -2.74597733e-02
 1.94700009e+01 -2.64458132e-02
 1.94800009e+01 -2.54181420e-02
 1.94900009e+01 -2.43776143e-02
 1.95000009e+01 -2.33250918e-02
 1.95100009e+01 -2.22614366e-02
 1.95200009e+01 -2.11875153e-02
 1.95300009e+01 -2.01041983e-02
 1.95400009e+01 -1.90123562e-02
 1.95500009e+01 -1.79128611e-02
 1.95600009e+01 -1.68065864e-02
 1.95700009e+01 -1.56944051e-02
 1.95800009e+01 -1.45771886e-02
 1.95900009e+01 -1.34558076e-02
 1.96000009e+01 -1.23311317e-02
 1.96100009e+01 -1.12040252e-02
 1.96200009e+01 -1.00753507e-02
 1.96300009e+01 -8.94596838e-03
 1.96400009e+01 -7.81672965e-03
 1.96500009e+01 -6.68848351e-03
 1.96600009e+01 -5.56207497e-03
 1.96700009e+01 -4.43833681e-03
 1.96800009e+01 -3.31809941e-03
 1.96900009e+01 -2.20218665e-03
 1.97000009e+01 -1.09140749e-03
 1.97100009e+01 1.34313067e-05
 1.97200009e+01 1.11153268e-03
 1.97300009e+01 2.20211633e-03
 1.97400009e+01 3.28440393e-03
 1.97500009e+01 4.35763065e-03
 1.97600009e+01 5.42104934e-03
 1.97700009e+01 6.47391477e-03
 1.97800009e+01 7.51549937e-03
 1.97900009e+01 8.54509326e-03
 1.98000009e+01 9.56198879e-03
 1.98100009e+01 1.05655003e-02
 1.98200009e+01 1.15549588e-02
 1.98300009e+01 1.25296987e-02
 1.98400009e+01 1.34890801e-02
 1.98500009e+01 1.44324787e-02
 1.98600009e+01 1.53592745e-02
 1.98700009e+01 1.62688774e-02
 1.98800009e+01 1.71607106e-02
 1.98900009e+01 1.80342037e-02
