 0.00000000e+00 -4.40033588e+02
 1.00000005e-02 -4.40061487e+02
 2.00000009e-02 -4.40149869e+02
 3.00000014e-02 -4.40293135e+02
 4.00000019e-02 -4.40485683e+02
 5.00000024e-02 -4.40721915e+02
 6.00000028e-02 -4.40996231e+02
 7.00000033e-02 -4.41303030e+02
 8.00000038e-02 -4.41636712e+02
 9.00000043e-02 -4.41991679e+02
 1.00000005e-01 -4.42362328e+02
 1.10000005e-01 -4.42743062e+02
 1.20000006e-01 -4.43128279e+02
 1.30000006e-01 -4.43512392e+02
 1.40000007e-01 -4.43889922e+02
 1.50000007e-01 -4.44255451e+02
 1.60000008e-01 -4.44603561e+02
 1.70000008e-01 -4.44928835e+02
 1.80000009e-01 -4.45225854e+02
 1.90000009e-01 -4.45489235e+02
 2.00000009e-01 -4.45714116e+02
 2.10000010e-01 -4.45896043e+02
 2.20000010e-01 -4.46030574e+02
 2.30000011e-01 -4.46113268e+02
 2.40000011e-01 -4.46139683e+02
 2.50000012e-01 -4.46105398e+02
 2.60000012e-01 -4.46006590e+02
 2.70000013e-01 -4.45840105e+02
 2.80000013e-01 -4.45602824e+02
 2.90000014e-01 -4.45291629e+02
 3.00000014e-01 -4.44903402e+02
 3.10000015e-01 -4.44435032e+02
 3.20000015e-01 -4.43883875e+02
 3.30000016e-01 -4.43248036e+02
 3.40000016e-01 -4.42525689e+02
 3.50000017e-01 -4.41715008e+02
 3.60000017e-01 -4.40814167e+02
 3.70000018e-01 -4.39821340e+02
 3.80000018e-01 -4.38735147e+02
 3.90000019e-01 -4.37555243e+02
 4.00000019e-01 -4.36281432e+02
 4.10000019e-01 -4.34913516e+02
 4.20000020e-01 -4.33451297e+02
 4.30000020e-01 -4.31894579e+02
 4.40000021e-01 -4.30243335e+02
 4.50000021e-01 -4.28498133e+02
 4.60000022e-01 -4.26659669e+02
 4.70000022e-01 -4.24728638e+02
 4.80000023e-01 -4.22705737e+02
 4.90000023e-01 -4.20591660e+02
 5.00000024e-01 -4.18387189e+02
 5.10000024e-01 -4.16093550e+02
 5.20000025e-01 -4.13712114e+02
 5.30000025e-01 -4.11244252e+02
 5.40000026e-01 -4.08691333e+02
 5.50000026e-01 -4.06054729e+02
 5.60000027e-01 -4.03335857e+02
 5.70000027e-01 -4.00536512e+02
 5.80000028e-01 -3.97658669e+02
 5.90000028e-01 -3.94704303e+02
 6.00000028e-01 -3.91675390e+02
 6.10000029e-01 -3.88573905e+02
 6.20000029e-01 -3.85401820e+02
 6.30000030e-01 -3.82161028e+02
 6.40000030e-01 -3.78853374e+02
 6.50000031e-01 -3.75480702e+02
 6.60000031e-01 -3.72044853e+02
 6.70000032e-01 -3.68547672e+02
 6.80000032e-01 -3.64991002e+02
 6.90000033e-01 -3.61376739e+02
 7.00000033e-01 -3.57706827e+02
 7.10000034e-01 -3.53983209e+02
 7.20000034e-01 -3.50207832e+02
 7.30000035e-01 -3.46382641e+02
 7.40000035e-01 -3.42509582e+02
 7.50000036e-01 -3.38590595e+02
 7.60000036e-01 -3.34627619e+02
 7.70000037e-01 -3.30622590e+02
 7.80000037e-01 -3.26577444e+02
 7.90000038e-01 -3.22494119e+02
 8.00000038e-01 -3.18374550e+02
 8.10000038e-01 -3.14220630e+02
 8.20000039e-01 -3.10034161e+02
 8.30000039e-01 -3.05816936e+02
 8.40000040e-01 -3.01570746e+02
 8.50000040e-01 -2.97297383e+02
 8.60000041e-01 -2.92998639e+02
 8.70000041e-01 -2.88676338e+02
 8.80000042e-01 -2.84332404e+02
 8.90000042e-01 -2.79968778e+02
 9.00000043e-01 -2.75587402e+02
 9.10000043e-01 -2.71190218e+02
 9.20000044e-01 -2.66779166e+02
 9.30000044e-01 -2.62356193e+02
 9.40000045e-01 -2.57923253e+02
 9.50000045e-01 -2.53482308e+02
 9.60000046e-01 -2.49035318e+02
 9.70000046e-01 -2.44584243e+02
 9.80000047e-01 -2.40131043e+02
 9.90000047e-01 -2.35677688e+02
 1.00000005e+00 -2.31226200e+02
 1.01000005e+00 -2.26778628e+02
 1.02000005e+00 -2.22337018e+02
 1.03000005e+00 -2.17903417e+02
 1.04000005e+00 -2.13479872e+02
 1.05000005e+00 -2.09068429e+02
 1.06000005e+00 -2.04671103e+02
 1.07000005e+00 -2.00289895e+02
 1.08000005e+00 -1.95926804e+02
 1.09000005e+00 -1.91583831e+02
 1.10000005e+00 -1.87262974e+02
 1.11000005e+00 -1.82966230e+02
 1.12000005e+00 -1.78695526e+02
 1.13000005e+00 -1.74452728e+02
 1.14000005e+00 -1.70239702e+02
 1.15000005e+00 -1.66058313e+02
 1.16000006e+00 -1.61910421e+02
 1.17000006e+00 -1.57797897e+02
 1.18000006e+00 -1.53722481e+02
 1.19000006e+00 -1.49685775e+02
 1.20000006e+00 -1.45689371e+02
 1.21000006e+00 -1.41734860e+02
 1.22000006e+00 -1.37823835e+02
 1.23000006e+00 -1.33957885e+02
 1.24000006e+00 -1.30138479e+02
 1.25000006e+00 -1.26366868e+02
 1.26000006e+00 -1.22644279e+02
 1.27000006e+00 -1.18971939e+02
 1.28000006e+00 -1.15351077e+02
 1.29000006e+00 -1.11782919e+02
 1.30000006e+00 -1.08268595e+02
 1.31000006e+00 -1.04808975e+02
 1.32000006e+00 -1.01404888e+02
 1.33000006e+00 -9.80571648e+01
 1.34000006e+00 -9.47666343e+01
 1.35000006e+00 -9.15341261e+01
 1.36000006e+00 -8.83603997e+01
 1.37000007e+00 -8.52459398e+01
 1.38000007e+00 -8.21911744e+01
 1.39000007e+00 -7.91965220e+01
 1.40000007e+00 -7.62624044e+01
 1.41000007e+00 -7.33892433e+01
 1.42000007e+00 -7.05774189e+01
 1.43000007e+00 -6.78270687e+01
 1.44000007e+00 -6.51382416e+01
 1.45000007e+00 -6.25109869e+01
 1.46000007e+00 -5.99453533e+01
 1.47000007e+00 -5.74413899e+01
 1.48000007e+00 -5.49991265e+01
 1.49000007e+00 -5.26184182e+01
 1.50000007e+00 -5.02990271e+01
 1.51000007e+00 -4.80407144e+01
 1.52000007e+00 -4.58432414e+01
 1.53000007e+00 -4.37063695e+01
 1.54000007e+00 -4.16298502e+01
 1.55000007e+00 -3.96132924e+01
 1.56000007e+00 -3.76561954e+01
 1.57000007e+00 -3.57580559e+01
 1.58000008e+00 -3.39183687e+01
 1.59000008e+00 -3.21366340e+01
 1.60000008e+00 -3.04123431e+01
 1.61000008e+00 -2.87448948e+01
 1.62000008e+00 -2.71335847e+01
 1.63000008e+00 -2.55777032e+01
 1.64000008e+00 -2.40765408e+01
 1.65000008e+00 -2.26293878e+01
 1.66000008e+00 -2.12355336e+01
 1.67000008e+00 -1.98942058e+01
 1.68000008e+00 -1.86045349e+01
 1.69000008e+00 -1.73656434e+01
 1.70000008e+00 -1.61766534e+01
 1.71000008e+00 -1.50366872e+01
 1.72000008e+00 -1.39448669e+01
 1.73000008e+00 -1.29002780e+01
 1.74000008e+00 -1.19019229e+01
 1.75000008e+00 -1.09487924e+01
 1.76000008e+00 -1.00398774e+01
 1.77000008e+00 -9.17416895e+00
 1.78000008e+00 -8.35065786e+00
 1.79000009e+00 -7.56831838e+00
 1.80000009e+00 -6.82607364e+00
 1.81000009e+00 -6.12283315e+00
 1.82000009e+00 -5.45750726e+00
 1.83000009e+00 -4.82900630e+00
 1.84000009e+00 -4.23624059e+00
 1.85000009e+00 -3.67811566e+00
 1.86000009e+00 -3.15351270e+00
 1.87000009e+00 -2.66130524e+00
 1.88000009e+00 -2.20036681e+00
 1.89000009e+00 -1.76957092e+00
 1.90000009e+00 -1.36779111e+00
 1.91000009e+00 -9.93902403e-01
 1.92000009e+00 -6.46791441e-01
 1.93000009e+00 -3.25350267e-01
 1.94000009e+00 -2.84709571e-02
 1.95000009e+00 2.44954414e-01
 1.96000009e+00 4.96033772e-01
 1.97000009e+00 7.25872025e-01
 1.98000009e+00 9.35536880e-01
 1.99000009e+00 1.12607099e+00
 2.00000009e+00 1.29851653e+00
 2.01000010e+00 1.45391583e+00
 2.02000010e+00 1.59331076e+00
 2.03000010e+00 1.71774115e+00
 2.04000010e+00 1.82819239e+00
 2.05000010e+00 1.92559764e+00
 2.06000010e+00 2.01088792e+00
 2.07000010e+00 2.08499428e+00
 2.08000010e+00 2.14884774e+00
 2.09000010e+00 2.20337805e+00
 2.10000010e+00 2.24945797e+00
 2.11000010e+00 2.28788193e+00
 2.12000010e+00 2.31943867e+00
 2.13000010e+00 2.34491695e+00
 2.14000010e+00 2.36510550e+00
 2.15000010e+00 2.38079269e+00
 2.16000010e+00 2.39271649e+00
 2.17000010e+00 2.40151508e+00
 2.18000010e+00 2.40781485e+00
 2.19000010e+00 2.41224224e+00
 2.20000010e+00 2.41542366e+00
 2.21000010e+00 2.41798548e+00
 2.22000011e+00 2.42051506e+00
 2.23000011e+00 2.42348607e+00
 2.24000011e+00 2.42735160e+00
 2.25000011e+00 2.43256473e+00
 2.26000011e+00 2.43957856e+00
 2.27000011e+00 2.44884616e+00
 2.28000011e+00 2.46079384e+00
 2.29000011e+00 2.47573091e+00
 2.30000011e+00 2.49393475e+00
 2.31000011e+00 2.51568275e+00
 2.32000011e+00 2.54125230e+00
 2.33000011e+00 2.57092079e+00
 2.34000011e+00 2.60494873e+00
 2.35000011e+00 2.64348489e+00
 2.36000011e+00 2.68663270e+00
 2.37000011e+00 2.73449544e+00
 2.38000011e+00 2.78717641e+00
 2.39000011e+00 2.84477888e+00
 2.40000011e+00 2.90739695e+00
 2.41000011e+00 2.97502941e+00
 2.42000011e+00 3.04761870e+00
 2.43000012e+00 3.12510661e+00
 2.44000012e+00 3.20743466e+00
 2.45000012e+00 3.29454464e+00
 2.46000012e+00 3.38637418e+00
 2.47000012e+00 3.48279014e+00
 2.48000012e+00 3.58359942e+00
 2.49000012e+00 3.68860696e+00
 2.50000012e+00 3.79761776e+00
 2.51000012e+00 3.91043678e+00
 2.52000012e+00 4.02686770e+00
 2.53000012e+00 4.14667158e+00
 2.54000012e+00 4.26955785e+00
 2.55000012e+00 4.39523287e+00
 2.56000012e+00 4.52340300e+00
 2.57000012e+00 4.65377460e+00
 2.58000012e+00 4.78605380e+00
 2.59000012e+00 4.91992774e+00
 2.60000012e+00 5.05505058e+00
 2.61000012e+00 5.19107322e+00
 2.62000012e+00 5.32764655e+00
 2.63000012e+00 5.46442143e+00
 2.64000013e+00 5.60104889e+00
 2.65000013e+00 5.73717521e+00
 2.66000013e+00 5.87243618e+00
 2.67000013e+00 6.00646576e+00
 2.68000013e+00 6.13889788e+00
 2.69000013e+00 6.26936651e+00
 2.70000013e+00 6.39750559e+00
 2.71000013e+00 6.52295064e+00
 2.72000013e+00 6.64534305e+00
 2.73000013e+00 6.76432563e+00
 2.74000013e+00 6.87954116e+00
 2.75000013e+00 6.99063244e+00
 2.76000013e+00 7.09724225e+00
 2.77000013e+00 7.19901660e+00
 2.78000013e+00 7.29561970e+00
 2.79000013e+00 7.38672219e+00
 2.80000013e+00 7.47199474e+00
 2.81000013e+00 7.55110800e+00
 2.82000013e+00 7.62373263e+00
 2.83000013e+00 7.68954235e+00
 2.84000013e+00 7.74823782e+00
 2.85000014e+00 7.79953373e+00
 2.86000014e+00 7.84314472e+00
 2.87000014e+00 7.87878558e+00
 2.88000014e+00 7.90617107e+00
 2.89000014e+00 7.92501854e+00
 2.90000014e+00 7.93508269e+00
 2.91000014e+00 7.93614606e+00
 2.92000014e+00 7.92799190e+00
 2.93000014e+00 7.91040341e+00
 2.94000014e+00 7.88316383e+00
 2.95000014e+00 7.84605814e+00
 2.96000014e+00 7.79891698e+00
 2.97000014e+00 7.74161957e+00
 2.98000014e+00 7.67404752e+00
 2.99000014e+00 7.59608241e+00
 3.00000014e+00 7.50760585e+00
 3.01000014e+00 7.40850027e+00
 3.02000014e+00 7.29869663e+00
 3.03000014e+00 7.17819972e+00
 3.04000014e+00 7.04702057e+00
 3.05000014e+00 6.90517019e+00
 3.06000015e+00 6.75265944e+00
 3.07000015e+00 6.58949986e+00
 3.08000015e+00 6.41574533e+00
 3.09000015e+00 6.23154439e+00
 3.10000015e+00 6.03705819e+00
 3.11000015e+00 5.83244790e+00
 3.12000015e+00 5.61787468e+00
 3.13000015e+00 5.39349969e+00
 3.14000015e+00 5.15951507e+00
 3.15000015e+00 4.91621411e+00
 3.16000015e+00 4.66391070e+00
 3.17000015e+00 4.40291875e+00
 3.18000015e+00 4.13355215e+00
 3.19000015e+00 3.85612481e+00
 3.20000015e+00 3.57096828e+00
 3.21000015e+00 3.27850090e+00
 3.22000015e+00 2.97916753e+00
 3.23000015e+00 2.67341307e+00
 3.24000015e+00 2.36168239e+00
 3.25000015e+00 2.04442039e+00
 3.26000015e+00 1.72207930e+00
 3.27000016e+00 1.39516590e+00
 3.28000016e+00 1.06421285e+00
 3.29000016e+00 7.29751962e-01
 3.30000016e+00 3.92315356e-01
 3.31000016e+00 5.24351612e-02
 3.32000016e+00 -2.89354889e-01
 3.33000016e+00 -6.32501908e-01
 3.34000016e+00 -9.76440441e-01
 3.35000016e+00 -1.32060481e+00
 3.36000016e+00 -1.66442934e+00
 3.37000016e+00 -2.00734835e+00
 3.38000016e+00 -2.34879678e+00
 3.39000016e+00 -2.68822204e+00
 3.40000016e+00 -3.02508328e+00
 3.41000016e+00 -3.35884011e+00
 3.42000016e+00 -3.68895211e+00
 3.43000016e+00 -4.01487891e+00
 3.44000016e+00 -4.33608089e+00
 3.45000016e+00 -4.65205173e+00
 3.46000016e+00 -4.96232972e+00
 3.47000016e+00 -5.26645624e+00
 3.48000017e+00 -5.56397298e+00
 3.49000017e+00 -5.85442074e+00
 3.50000017e+00 -6.13734154e+00
 3.51000017e+00 -6.41231587e+00
 3.52000017e+00 -6.67899900e+00
 3.53000017e+00 -6.93705473e+00
 3.54000017e+00 -7.18614688e+00
 3.55000017e+00 -7.42593923e+00
 3.56000017e+00 -7.65609564e+00
 3.57000017e+00 -7.87631542e+00
 3.58000017e+00 -8.08639837e+00
 3.59000017e+00 -8.28616196e+00
 3.60000017e+00 -8.47542365e+00
 3.61000017e+00 -8.65400088e+00
 3.62000017e+00 -8.82171113e+00
 3.63000017e+00 -8.97839580e+00
 3.64000017e+00 -9.12399782e+00
 3.65000017e+00 -9.25848703e+00
 3.66000017e+00 -9.38183329e+00
 3.67000017e+00 -9.49400644e+00
 3.68000017e+00 -9.59497633e+00
 3.69000018e+00 -9.68472683e+00
 3.70000018e+00 -9.76333097e+00
 3.71000018e+00 -9.83089738e+00
 3.72000018e+00 -9.88753468e+00
 3.73000018e+00 -9.93335150e+00
 3.74000018e+00 -9.96845646e+00
 3.75000018e+00 -9.99296433e+00
 3.76000018e+00 -1.00070513e+01
 3.77000018e+00 -1.00109288e+01
 3.78000018e+00 -1.00048090e+01
 3.79000018e+00 -9.98890379e+00
 3.80000018e+00 -9.96342517e+00
 3.81000018e+00 -9.92858701e+00
 3.82000018e+00 -9.88463463e+00
 3.83000018e+00 -9.83183935e+00
 3.84000018e+00 -9.77047327e+00
 3.85000018e+00 -9.70080850e+00
 3.86000018e+00 -9.62311714e+00
 3.87000018e+00 -9.53767159e+00
 3.88000018e+00 -9.44475383e+00
 3.89000018e+00 -9.34465710e+00
 3.90000019e+00 -9.23767519e+00
 3.91000019e+00 -9.12410224e+00
 3.92000019e+00 -9.00423202e+00
 3.93000019e+00 -8.87835842e+00
 3.94000019e+00 -8.74677223e+00
 3.95000019e+00 -8.60975911e+00
 3.96000019e+00 -8.46760421e+00
 3.97000019e+00 -8.32059270e+00
 3.98000019e+00 -8.16900972e+00
 3.99000019e+00 -8.01314040e+00
 4.00000019e+00 -7.85326236e+00
 4.01000019e+00 -7.68963465e+00
 4.02000019e+00 -7.52251356e+00
 4.03000019e+00 -7.35215533e+00
 4.04000019e+00 -7.17881624e+00
 4.05000019e+00 -7.00275256e+00
 4.06000019e+00 -6.82421368e+00
 4.07000019e+00 -6.64342385e+00
 4.08000019e+00 -6.46060155e+00
 4.09000019e+00 -6.27596527e+00
 4.10000019e+00 -6.08973348e+00
 4.11000020e+00 -5.90212449e+00
 4.12000020e+00 -5.71335256e+00
 4.13000020e+00 -5.52360610e+00
 4.14000020e+00 -5.33306503e+00
 4.15000020e+00 -5.14190924e+00
 4.16000020e+00 -4.95031863e+00
 4.17000020e+00 -4.75847310e+00
 4.18000020e+00 -4.56654992e+00
 4.19000020e+00 -4.37470404e+00
 4.20000020e+00 -4.18307915e+00
 4.21000020e+00 -3.99181886e+00
 4.22000020e+00 -3.80106676e+00
 4.23000020e+00 -3.61096645e+00
 4.24000020e+00 -3.42166025e+00
 4.25000020e+00 -3.23327280e+00
 4.26000020e+00 -3.04591588e+00
 4.27000020e+00 -2.85970095e+00
 4.28000020e+00 -2.67473952e+00
 4.29000020e+00 -2.49114306e+00
 4.30000020e+00 -2.30902255e+00
 4.31000020e+00 -2.12847637e+00
 4.32000021e+00 -1.94958970e+00
 4.33000021e+00 -1.77244761e+00
 4.34000021e+00 -1.59713465e+00
 4.35000021e+00 -1.42373554e+00
 4.36000021e+00 -1.25233485e+00
 4.37000021e+00 -1.08300781e+00
 4.38000021e+00 -9.15815846e-01
 4.39000021e+00 -7.50819258e-01
 4.40000021e+00 -5.88078347e-01
 4.41000021e+00 -4.27653414e-01
 4.42000021e+00 -2.69604728e-01
 4.43000021e+00 -1.13986669e-01
 4.44000021e+00 3.91590270e-02
 4.45000021e+00 1.89792263e-01
 4.46000021e+00 3.37872942e-01
 4.47000021e+00 4.83360968e-01
 4.48000021e+00 6.26216245e-01
 4.49000021e+00 7.66402468e-01
 4.50000021e+00 9.03895364e-01
 4.51000021e+00 1.03867304e+00
 4.52000021e+00 1.17071361e+00
 4.53000022e+00 1.29999529e+00
 4.54000022e+00 1.42649595e+00
 4.55000022e+00 1.55019556e+00
 4.56000022e+00 1.67108223e+00
 4.57000022e+00 1.78914655e+00
 4.58000022e+00 1.90437910e+00
 4.59000022e+00 2.01677047e+00
 4.60000022e+00 2.12631124e+00
 4.61000022e+00 2.23299281e+00
 4.62000022e+00 2.33681259e+00
 4.63000022e+00 2.43777062e+00
 4.64000022e+00 2.53586697e+00
 4.65000022e+00 2.63110168e+00
 4.66000022e+00 2.72347482e+00
 4.67000022e+00 2.81298658e+00
 4.68000022e+00 2.89963887e+00
 4.69000022e+00 2.98343464e+00
 4.70000022e+00 3.06437689e+00
 4.71000022e+00 3.14246861e+00
 4.72000022e+00 3.21771277e+00
 4.73000022e+00 3.29011241e+00
 4.74000023e+00 3.35967119e+00
 4.75000023e+00 3.42639312e+00
 4.76000023e+00 3.49028243e+00
 4.77000023e+00 3.55134328e+00
 4.78000023e+00 3.60957985e+00
 4.79000023e+00 3.66499629e+00
 4.80000023e+00 3.71759714e+00
 4.81000023e+00 3.76738738e+00
 4.82000023e+00 3.81437204e+00
 4.83000023e+00 3.85855613e+00
 4.84000023e+00 3.89994469e+00
 4.85000023e+00 3.93854272e+00
 4.86000023e+00 3.97435575e+00
 4.87000023e+00 4.00739019e+00
 4.88000023e+00 4.03765257e+00
 4.89000023e+00 4.06514940e+00
 4.90000023e+00 4.08988720e+00
 4.91000023e+00 4.11187250e+00
 4.92000023e+00 4.13111229e+00
 4.93000023e+00 4.14761485e+00
 4.94000023e+00 4.16138867e+00
 4.95000024e+00 4.17244227e+00
 4.96000024e+00 4.18078414e+00
 4.97000024e+00 4.18642277e+00
 4.98000024e+00 4.18936709e+00
 4.99000024e+00 4.18962766e+00
 5.00000024e+00 4.18721552e+00
 5.01000024e+00 4.18214168e+00
 5.02000024e+00 4.17441715e+00
 5.03000024e+00 4.16405295e+00
 5.04000024e+00 4.15106026e+00
 5.05000024e+00 4.13545139e+00
 5.06000024e+00 4.11723903e+00
 5.07000024e+00 4.09643590e+00
 5.08000024e+00 4.07305469e+00
 5.09000024e+00 4.04710813e+00
 5.10000024e+00 4.01860903e+00
 5.11000024e+00 3.98757149e+00
 5.12000024e+00 3.95401025e+00
 5.13000024e+00 3.91794009e+00
 5.14000024e+00 3.87937579e+00
 5.15000024e+00 3.83833210e+00
 5.16000025e+00 3.79482386e+00
 5.17000025e+00 3.74886751e+00
 5.18000025e+00 3.70048058e+00
 5.19000025e+00 3.64968066e+00
 5.20000025e+00 3.59648537e+00
 5.21000025e+00 3.54091229e+00
 5.22000025e+00 3.48297914e+00
 5.23000025e+00 3.42270653e+00
 5.24000025e+00 3.36011842e+00
 5.25000025e+00 3.29523899e+00
 5.26000025e+00 3.22809238e+00
 5.27000025e+00 3.15870275e+00
 5.28000025e+00 3.08709432e+00
 5.29000025e+00 3.01329482e+00
 5.30000025e+00 2.93733783e+00
 5.31000025e+00 2.85925746e+00
 5.32000025e+00 2.77908783e+00
 5.33000025e+00 2.69686304e+00
 5.34000025e+00 2.61261722e+00
 5.35000025e+00 2.52638809e+00
 5.36000025e+00 2.43822194e+00
 5.37000026e+00 2.34816623e+00
 5.38000026e+00 2.25626870e+00
 5.39000026e+00 2.16257681e+00
 5.40000026e+00 2.06713812e+00
 5.41000026e+00 1.97000302e+00
 5.42000026e+00 1.87123193e+00
 5.43000026e+00 1.77088753e+00
 5.44000026e+00 1.66903250e+00
 5.45000026e+00 1.56572952e+00
 5.46000026e+00 1.46104126e+00
 5.47000026e+00 1.35503237e+00
 5.48000026e+00 1.24777814e+00
 5.49000026e+00 1.13935738e+00
 5.50000026e+00 1.02984891e+00
 5.51000026e+00 9.19331572e-01
 5.52000026e+00 8.07884176e-01
 5.53000026e+00 6.95586621e-01
 5.54000026e+00 5.82527624e-01
 5.55000026e+00 4.68800236e-01
 5.56000026e+00 3.54497540e-01
 5.57000026e+00 2.39712618e-01
 5.58000027e+00 1.24538435e-01
 5.59000027e+00 9.06874052e-03
 5.60000027e+00 -1.06597281e-01
 5.61000027e+00 -2.22356230e-01
 5.62000027e+00 -3.38104618e-01
 5.63000027e+00 -4.53738956e-01
 5.64000027e+00 -5.69155758e-01
 5.65000027e+00 -6.84251436e-01
 5.66000027e+00 -7.98920069e-01
 5.67000027e+00 -9.13053369e-01
 5.68000027e+00 -1.02654295e+00
 5.69000027e+00 -1.13928041e+00
 5.70000027e+00 -1.25115736e+00
 5.71000027e+00 -1.36206543e+00
 5.72000027e+00 -1.47189688e+00
 5.73000027e+00 -1.58054493e+00
 5.74000027e+00 -1.68790287e+00
 5.75000027e+00 -1.79386397e+00
 5.76000027e+00 -1.89832152e+00
 5.77000027e+00 -2.00116884e+00
 5.78000027e+00 -2.10230229e+00
 5.79000028e+00 -2.20162481e+00
 5.80000028e+00 -2.29903982e+00
 5.81000028e+00 -2.39445106e+00
 5.82000028e+00 -2.48776216e+00
 5.83000028e+00 -2.57887676e+00
 5.84000028e+00 -2.66770200e+00
 5.85000028e+00 -2.75415590e+00
 5.86000028e+00 -2.83815857e+00
 5.87000028e+00 -2.91963012e+00
 5.88000028e+00 -2.99849065e+00
 5.89000028e+00 -3.07466026e+00
 5.90000028e+00 -3.14806224e+00
 5.91000028e+00 -3.21863470e+00
 5.92000028e+00 -3.28631997e+00
 5.93000028e+00 -3.35106041e+00
 5.94000028e+00 -3.41279839e+00
 5.95000028e+00 -3.47147625e+00
 5.96000028e+00 -3.52703866e+00
 5.97000028e+00 -3.57944646e+00
 5.98000028e+00 -3.62866742e+00
 5.99000028e+00 -3.67466938e+00
 6.00000028e+00 -3.71742013e+00
 6.01000029e+00 -3.75688753e+00
 6.02000029e+00 -3.79304066e+00
 6.03000029e+00 -3.82586366e+00
 6.04000029e+00 -3.85534992e+00
 6.05000029e+00 -3.88149298e+00
 6.06000029e+00 -3.90428640e+00
 6.07000029e+00 -3.92372372e+00
 6.08000029e+00 -3.93979913e+00
 6.09000029e+00 -3.95251932e+00
 6.10000029e+00 -3.96190207e+00
 6.11000029e+00 -3.96796556e+00
 6.12000029e+00 -3.97072800e+00
 6.13000029e+00 -3.97020755e+00
 6.14000029e+00 -3.96642267e+00
 6.15000029e+00 -3.95940126e+00
 6.16000029e+00 -3.94918329e+00
 6.17000029e+00 -3.93580949e+00
 6.18000029e+00 -3.91932062e+00
 6.19000029e+00 -3.89975741e+00
 6.20000029e+00 -3.87716068e+00
 6.21000029e+00 -3.85157710e+00
 6.22000030e+00 -3.82306411e+00
 6.23000030e+00 -3.79168036e+00
 6.24000030e+00 -3.75748444e+00
 6.25000030e+00 -3.72053494e+00
 6.26000030e+00 -3.68089046e+00
 6.27000030e+00 -3.63861246e+00
 6.28000030e+00 -3.59376995e+00
 6.29000030e+00 -3.54643320e+00
 6.30000030e+00 -3.49667247e+00
 6.31000030e+00 -3.44455804e+00
 6.32000030e+00 -3.39016018e+00
 6.33000030e+00 -3.33355072e+00
 6.34000030e+00 -3.27480774e+00
 6.35000030e+00 -3.21401089e+00
 6.36000030e+00 -3.15123982e+00
 6.37000030e+00 -3.08657415e+00
 6.38000030e+00 -3.02009354e+00
 6.39000030e+00 -2.95187766e+00
 6.40000030e+00 -2.88200627e+00
 6.41000030e+00 -2.81055920e+00
 6.42000030e+00 -2.73761627e+00
 6.43000031e+00 -2.66325723e+00
 6.44000031e+00 -2.58756204e+00
 6.45000031e+00 -2.51061041e+00
 6.46000031e+00 -2.43248164e+00
 6.47000031e+00 -2.35325478e+00
 6.48000031e+00 -2.27300889e+00
 6.49000031e+00 -2.19182301e+00
 6.50000031e+00 -2.10977621e+00
 6.51000031e+00 -2.02694734e+00
 6.52000031e+00 -1.94341254e+00
 6.53000031e+00 -1.85924577e+00
 6.54000031e+00 -1.77452094e+00
 6.55000031e+00 -1.68931196e+00
 6.56000031e+00 -1.60369272e+00
 6.57000031e+00 -1.51773702e+00
 6.58000031e+00 -1.43151538e+00
 6.59000031e+00 -1.34509462e+00
 6.60000031e+00 -1.25854141e+00
 6.61000031e+00 -1.17192237e+00
 6.62000031e+00 -1.08530414e+00
 6.63000031e+00 -9.98753338e-01
 6.64000032e+00 -9.12333374e-01
 6.65000032e+00 -8.26102985e-01
 6.66000032e+00 -7.40120202e-01
 6.67000032e+00 -6.54443139e-01
 6.68000032e+00 -5.69129912e-01
 6.69000032e+00 -4.84238629e-01
 6.70000032e+00 -3.99825308e-01
 6.71000032e+00 -3.15941098e-01
 6.72000032e+00 -2.32636456e-01
 6.73000032e+00 -1.49961840e-01
 6.74000032e+00 -6.79677045e-02
 6.75000032e+00 1.32954927e-02
 6.76000032e+00 9.37790592e-02
 6.77000032e+00 1.73440404e-01
 6.78000032e+00 2.52238256e-01
 6.79000032e+00 3.30131343e-01
 6.80000032e+00 4.07078392e-01
 6.81000032e+00 4.83038132e-01
 6.82000032e+00 5.57970097e-01
 6.83000032e+00 6.31838019e-01
 6.84000032e+00 7.04606992e-01
 6.85000033e+00 7.76242181e-01
 6.86000033e+00 8.46708538e-01
 6.87000033e+00 9.15971230e-01
 6.88000033e+00 9.83995867e-01
 6.89000033e+00 1.05075218e+00
 6.90000033e+00 1.11621187e+00
 6.91000033e+00 1.18034664e+00
 6.92000033e+00 1.24312821e+00
 6.93000033e+00 1.30452830e+00
 6.94000033e+00 1.36451884e+00
 6.95000033e+00 1.42307485e+00
 6.96000033e+00 1.48017342e+00
 6.97000033e+00 1.53579172e+00
 6.98000033e+00 1.58990689e+00
 6.99000033e+00 1.64249608e+00
 7.00000033e+00 1.69353658e+00
 7.01000033e+00 1.74300891e+00
 7.02000033e+00 1.79089670e+00
 7.03000033e+00 1.83718377e+00
 7.04000033e+00 1.88185391e+00
 7.05000033e+00 1.92489092e+00
 7.06000034e+00 1.96627866e+00
 7.07000034e+00 2.00600275e+00
 7.08000034e+00 2.04405149e+00
 7.09000034e+00 2.08041338e+00
 7.10000034e+00 2.11507688e+00
 7.11000034e+00 2.14803049e+00
 7.12000034e+00 2.17926267e+00
 7.13000034e+00 2.20876371e+00
 7.14000034e+00 2.23652744e+00
 7.15000034e+00 2.26254818e+00
 7.16000034e+00 2.28682021e+00
 7.17000034e+00 2.30933783e+00
 7.18000034e+00 2.33009534e+00
 7.19000034e+00 2.34908824e+00
 7.20000034e+00 2.36631565e+00
 7.21000034e+00 2.38177738e+00
 7.22000034e+00 2.39547321e+00
 7.23000034e+00 2.40740296e+00
 7.24000034e+00 2.41756641e+00
 7.25000034e+00 2.42596389e+00
 7.26000034e+00 2.43259810e+00
 7.27000035e+00 2.43747242e+00
 7.28000035e+00 2.44059019e+00
 7.29000035e+00 2.44195478e+00
 7.30000035e+00 2.44156957e+00
 7.31000035e+00 2.43943848e+00
 7.32000035e+00 2.43556928e+00
 7.33000035e+00 2.42997135e+00
 7.34000035e+00 2.42265408e+00
 7.35000035e+00 2.41362684e+00
 7.36000035e+00 2.40289902e+00
 7.37000035e+00 2.39048021e+00
 7.38000035e+00 2.37638234e+00
 7.39000035e+00 2.36061871e+00
 7.40000035e+00 2.34320268e+00
 7.41000035e+00 2.32414758e+00
 7.42000035e+00 2.30346675e+00
 7.43000035e+00 2.28117374e+00
 7.44000035e+00 2.25728583e+00
 7.45000035e+00 2.23182353e+00
 7.46000035e+00 2.20480749e+00
 7.47000035e+00 2.17625834e+00
 7.48000036e+00 2.14619667e+00
 7.49000036e+00 2.11464324e+00
 7.50000036e+00 2.08162105e+00
 7.51000036e+00 2.04715601e+00
 7.52000036e+00 2.01127420e+00
 7.53000036e+00 1.97400170e+00
 7.54000036e+00 1.93536460e+00
 7.55000036e+00 1.89538902e+00
 7.56000036e+00 1.85410305e+00
 7.57000036e+00 1.81153834e+00
 7.58000036e+00 1.76772693e+00
 7.59000036e+00 1.72270084e+00
 7.60000036e+00 1.67649208e+00
 7.61000036e+00 1.62913269e+00
 7.62000036e+00 1.58065640e+00
 7.63000036e+00 1.53110133e+00
 7.64000036e+00 1.48050634e+00
 7.65000036e+00 1.42891028e+00
 7.66000036e+00 1.37635200e+00
 7.67000036e+00 1.32287036e+00
 7.68000036e+00 1.26850459e+00
 7.69000037e+00 1.21329542e+00
 7.70000037e+00 1.15728413e+00
 7.71000037e+00 1.10051180e+00
 7.72000037e+00 1.04301960e+00
 7.73000037e+00 9.84848679e-01
 7.74000037e+00 9.26040810e-01
 7.75000037e+00 8.66641347e-01
 7.76000037e+00 8.06696954e-01
 7.77000037e+00 7.46254294e-01
 7.78000037e+00 6.85360030e-01
 7.79000037e+00 6.24060826e-01
 7.80000037e+00 5.62403390e-01
 7.81000037e+00 5.00434822e-01
 7.82000037e+00 4.38202429e-01
 7.83000037e+00 3.75753524e-01
 7.84000037e+00 3.13135418e-01
 7.85000037e+00 2.50395420e-01
 7.86000037e+00 1.87580904e-01
 7.87000037e+00 1.24740143e-01
 7.88000037e+00 6.19221021e-02
 7.89000037e+00 -8.24236291e-04
 7.90000038e+00 -6.34499519e-02
 7.91000038e+00 -1.25905937e-01
 7.92000038e+00 -1.88143282e-01
 7.93000038e+00 -2.50113310e-01
 7.94000038e+00 -3.11767666e-01
 7.95000038e+00 -3.73058011e-01
 7.96000038e+00 -4.33936007e-01
 7.97000038e+00 -4.94353313e-01
 7.98000038e+00 -5.54261602e-01
 7.99000038e+00 -6.13613135e-01
 8.00000038e+00 -6.72361098e-01
 8.01000038e+00 -7.30458758e-01
 8.02000038e+00 -7.87859381e-01
 8.03000038e+00 -8.44516233e-01
 8.04000038e+00 -9.00382588e-01
 8.05000038e+00 -9.55413095e-01
 8.06000038e+00 -1.00956553e+00
 8.07000038e+00 -1.06279809e+00
 8.08000038e+00 -1.11506898e+00
 8.09000038e+00 -1.16633642e+00
 8.10000038e+00 -1.21655859e+00
 8.11000039e+00 -1.26569455e+00
 8.12000039e+00 -1.31370590e+00
 8.13000039e+00 -1.36055492e+00
 8.14000039e+00 -1.40620388e+00
 8.15000039e+00 -1.45061502e+00
 8.16000039e+00 -1.49375059e+00
 8.17000039e+00 -1.53557403e+00
 8.18000039e+00 -1.57605477e+00
 8.19000039e+00 -1.61516415e+00
 8.20000039e+00 -1.65287348e+00
 8.21000039e+00 -1.68915409e+00
 8.22000039e+00 -1.72397732e+00
 8.23000039e+00 -1.75731514e+00
 8.24000039e+00 -1.78914464e+00
 8.25000039e+00 -1.81944526e+00
 8.26000039e+00 -1.84819647e+00
 8.27000039e+00 -1.87537773e+00
 8.28000039e+00 -1.90096851e+00
 8.29000039e+00 -1.92494879e+00
 8.30000039e+00 -1.94730515e+00
 8.31000039e+00 -1.96802858e+00
 8.32000040e+00 -1.98711018e+00
 8.33000040e+00 -2.00454100e+00
 8.34000040e+00 -2.02031213e+00
 8.35000040e+00 -2.03441488e+00
 8.36000040e+00 -2.04684556e+00
 8.37000040e+00 -2.05760523e+00
 8.38000040e+00 -2.06669520e+00
 8.39000040e+00 -2.07411672e+00
 8.40000040e+00 -2.07987110e+00
 8.41000040e+00 -2.08395971e+00
 8.42000040e+00 -2.08638856e+00
 8.43000040e+00 -2.08717001e+00
 8.44000040e+00 -2.08631686e+00
 8.45000040e+00 -2.08384194e+00
 8.46000040e+00 -2.07975806e+00
 8.47000040e+00 -2.07407806e+00
 8.48000040e+00 -2.06681717e+00
 8.49000040e+00 -2.05799541e+00
 8.50000040e+00 -2.04763334e+00
 8.51000040e+00 -2.03575152e+00
 8.52000040e+00 -2.02237054e+00
 8.53000041e+00 -2.00751093e+00
 8.54000041e+00 -1.99119498e+00
 8.55000041e+00 -1.97344976e+00
 8.56000041e+00 -1.95430327e+00
 8.57000041e+00 -1.93378349e+00
 8.58000041e+00 -1.91191841e+00
 8.59000041e+00 -1.88873600e+00
 8.60000041e+00 -1.86426490e+00
 8.61000041e+00 -1.83853659e+00
 8.62000041e+00 -1.81158332e+00
 8.63000041e+00 -1.78343734e+00
 8.64000041e+00 -1.75413089e+00
 8.65000041e+00 -1.72369622e+00
 8.66000041e+00 -1.69216589e+00
 8.67000041e+00 -1.65957442e+00
 8.68000041e+00 -1.62595712e+00
 8.69000041e+00 -1.59134934e+00
 8.70000041e+00 -1.55578640e+00
 8.71000041e+00 -1.51930362e+00
 8.72000041e+00 -1.48193649e+00
 8.73000041e+00 -1.44372210e+00
 8.74000042e+00 -1.40469844e+00
 8.75000042e+00 -1.36490363e+00
 8.76000042e+00 -1.32437567e+00
 8.77000042e+00 -1.28315261e+00
 8.78000042e+00 -1.24127248e+00
 8.79000042e+00 -1.19877295e+00
 8.80000042e+00 -1.15569139e+00
 8.81000042e+00 -1.11206516e+00
 8.82000042e+00 -1.06793162e+00
 8.83000042e+00 -1.02332814e+00
 8.84000042e+00 -9.78292096e-01
 8.85000042e+00 -9.32861288e-01
 8.86000042e+00 -8.87074045e-01
 8.87000042e+00 -8.40968725e-01
 8.88000042e+00 -7.94583684e-01
 8.89000042e+00 -7.47957281e-01
 8.90000042e+00 -7.01127864e-01
 8.91000042e+00 -6.54133027e-01
 8.92000042e+00 -6.07009054e-01
 8.93000042e+00 -5.59792100e-01
 8.94000042e+00 -5.12518319e-01
 8.95000043e+00 -4.65223818e-01
 8.96000043e+00 -4.17944844e-01
 8.97000043e+00 -3.70716889e-01
 8.98000043e+00 -3.23573943e-01
 8.99000043e+00 -2.76549753e-01
 9.00000043e+00 -2.29678065e-01
 9.01000043e+00 -1.82992627e-01
 9.02000043e+00 -1.36527187e-01
 9.03000043e+00 -9.03149268e-02
 9.04000043e+00 -4.43869039e-02
 9.05000043e+00 1.22632748e-03
 9.06000043e+00 4.64942126e-02
 9.07000043e+00 9.13861968e-02
 9.08000043e+00 1.35871726e-01
 9.09000043e+00 1.79920795e-01
 9.10000043e+00 2.23506533e-01
 9.11000043e+00 2.66603174e-01
 9.12000043e+00 3.09184954e-01
 9.13000043e+00 3.51226109e-01
 9.14000043e+00 3.92700876e-01
 9.15000043e+00 4.33583772e-01
 9.16000044e+00 4.73851845e-01
 9.17000044e+00 5.13483308e-01
 9.18000044e+00 5.52456507e-01
 9.19000044e+00 5.90749748e-01
 9.20000044e+00 6.28341337e-01
 9.21000044e+00 6.65209773e-01
 9.22000044e+00 7.01336317e-01
 9.23000044e+00 7.36704295e-01
 9.24000044e+00 7.71297082e-01
 9.25000044e+00 8.05098053e-01
 9.26000044e+00 8.38090583e-01
 9.27000044e+00 8.70258114e-01
 9.28000044e+00 9.01585868e-01
 9.29000044e+00 9.32060956e-01
 9.30000044e+00 9.61670583e-01
 9.31000044e+00 9.90401954e-01
 9.32000044e+00 1.01824227e+00
 9.33000044e+00 1.04517877e+00
 9.34000044e+00 1.07120026e+00
 9.35000044e+00 1.09629791e+00
 9.36000044e+00 1.12046313e+00
 9.37000045e+00 1.14368733e+00
 9.38000045e+00 1.16596186e+00
 9.39000045e+00 1.18727814e+00
 9.40000045e+00 1.20762830e+00
 9.41000045e+00 1.22700608e+00
 9.42000045e+00 1.24540546e+00
 9.43000045e+00 1.26282039e+00
 9.44000045e+00 1.27924485e+00
 9.45000045e+00 1.29467280e+00
 9.46000045e+00 1.30909899e+00
 9.47000045e+00 1.32252081e+00
 9.48000045e+00 1.33493613e+00
 9.49000045e+00 1.34634287e+00
 9.50000045e+00 1.35673891e+00
 9.51000045e+00 1.36612214e+00
 9.52000045e+00 1.37449067e+00
 9.53000045e+00 1.38184355e+00
 9.54000045e+00 1.38818010e+00
 9.55000045e+00 1.39349969e+00
 9.56000045e+00 1.39780166e+00
 9.57000045e+00 1.40108534e+00
 9.58000046e+00 1.40335055e+00
 9.59000046e+00 1.40460055e+00
 9.60000046e+00 1.40484019e+00
 9.61000046e+00 1.40407432e+00
 9.62000046e+00 1.40230778e+00
 9.63000046e+00 1.39954543e+00
 9.64000046e+00 1.39579221e+00
 9.65000046e+00 1.39105426e+00
 9.66000046e+00 1.38533849e+00
 9.67000046e+00 1.37865183e+00
 9.68000046e+00 1.37100120e+00
 9.69000046e+00 1.36239353e+00
 9.70000046e+00 1.35283588e+00
 9.71000046e+00 1.34233787e+00
 9.72000046e+00 1.33091153e+00
 9.73000046e+00 1.31856898e+00
 9.74000046e+00 1.30532236e+00
 9.75000046e+00 1.29118379e+00
 9.76000046e+00 1.27616543e+00
 9.77000046e+00 1.26028058e+00
 9.78000046e+00 1.24354410e+00
 9.79000047e+00 1.22597093e+00
 9.80000047e+00 1.20757605e+00
 9.81000047e+00 1.18837442e+00
 9.82000047e+00 1.16838099e+00
 9.83000047e+00 1.14761192e+00
 9.84000047e+00 1.12608560e+00
 9.85000047e+00 1.10382070e+00
 9.86000047e+00 1.08083589e+00
 9.87000047e+00 1.05714983e+00
 9.88000047e+00 1.03278118e+00
 9.89000047e+00 1.00774889e+00
 9.90000047e+00 9.82072673e-01
 9.91000047e+00 9.55772395e-01
 9.92000047e+00 9.28867914e-01
 9.93000047e+00 9.01379091e-01
 9.94000047e+00 8.73325786e-01
 9.95000047e+00 8.44728408e-01
 9.96000047e+00 8.15609703e-01
 9.97000047e+00 7.85993032e-01
 9.98000047e+00 7.55901758e-01
 9.99000047e+00 7.25359243e-01
 1.00000005e+01 6.94388758e-01
 1.00100005e+01 6.63013832e-01
 1.00200005e+01 6.31257603e-01
 1.00300005e+01 5.99143259e-01
 1.00400005e+01 5.66693983e-01
 1.00500005e+01 5.33932962e-01
 1.00600005e+01 5.00883380e-01
 1.00700005e+01 4.67568553e-01
 1.00800005e+01 4.34013083e-01
 1.00900005e+01 4.00242315e-01
 1.01000005e+01 3.66281603e-01
 1.01100005e+01 3.32156302e-01
 1.01200005e+01 2.97891766e-01
 1.01300005e+01 2.63513352e-01
 1.01400005e+01 2.29046475e-01
 1.01500005e+01 1.94516593e-01
 1.01600005e+01 1.59949169e-01
 1.01700005e+01 1.25369665e-01
 1.01800005e+01 9.08035399e-02
 1.01900005e+01 5.62762445e-02
 1.02000005e+01 2.18128363e-02
 1.02100005e+01 -1.25620878e-02
 1.02200005e+01 -4.68239575e-02
 1.02300005e+01 -8.09482027e-02
 1.02400005e+01 -1.14910253e-01
 1.02500005e+01 -1.48685535e-01
 1.02600005e+01 -1.82249275e-01
 1.02700005e+01 -2.15576357e-01
 1.02800005e+01 -2.48641632e-01
 1.02900005e+01 -2.81419951e-01
 1.03000005e+01 -3.13886167e-01
 1.03100005e+01 -3.46015131e-01
 1.03200005e+01 -3.77782543e-01
 1.03300005e+01 -4.09166176e-01
 1.03400005e+01 -4.40144119e-01
 1.03500005e+01 -4.70694462e-01
 1.03600005e+01 -5.00795294e-01
 1.03700005e+01 -5.30424703e-01
 1.03800005e+01 -5.59560980e-01
 1.03900005e+01 -5.88183159e-01
 1.04000005e+01 -6.16270442e-01
 1.04100005e+01 -6.43802030e-01
 1.04200005e+01 -6.70757127e-01
 1.04300005e+01 -6.97114935e-01
 1.04400005e+01 -7.22855125e-01
 1.04500005e+01 -7.47959965e-01
 1.04600005e+01 -7.72412609e-01
 1.04700005e+01 -7.96196216e-01
 1.04800005e+01 -8.19293944e-01
 1.04900005e+01 -8.41688948e-01
 1.05000005e+01 -8.63364735e-01
 1.05100005e+01 -8.84307760e-01
 1.05200005e+01 -9.04505969e-01
 1.05300005e+01 -9.23947321e-01
 1.05400005e+01 -9.42619773e-01
 1.05500005e+01 -9.60511282e-01
 1.05600005e+01 -9.77609939e-01
 1.05700005e+01 -9.93905648e-01
 1.05800005e+01 -1.00938963e+00
 1.05900005e+01 -1.02405315e+00
 1.06000005e+01 -1.03788746e+00
 1.06100005e+01 -1.05088381e+00
 1.06200005e+01 -1.06303358e+00
 1.06300005e+01 -1.07433090e+00
 1.06400005e+01 -1.08477282e+00
 1.06500005e+01 -1.09435652e+00
 1.06600005e+01 -1.10307915e+00
 1.06700005e+01 -1.11093789e+00
 1.06800005e+01 -1.11792994e+00
 1.06900005e+01 -1.12405380e+00
 1.07000005e+01 -1.12930991e+00
 1.07100005e+01 -1.13369885e+00
 1.07200005e+01 -1.13722122e+00
 1.07300005e+01 -1.13987761e+00
 1.07400005e+01 -1.14166862e+00
 1.07500005e+01 -1.14259604e+00
 1.07600005e+01 -1.14266422e+00
 1.07700005e+01 -1.14187782e+00
 1.07800005e+01 -1.14024152e+00
 1.07900005e+01 -1.13775999e+00
 1.08000005e+01 -1.13443792e+00
 1.08100005e+01 -1.13028095e+00
 1.08200005e+01 -1.12529790e+00
 1.08300005e+01 -1.11949819e+00
 1.08400005e+01 -1.11289126e+00
 1.08500005e+01 -1.10548653e+00
 1.08600005e+01 -1.09729342e+00
 1.08700005e+01 -1.08832172e+00
 1.08800005e+01 -1.07858287e+00
 1.08900005e+01 -1.06808882e+00
 1.09000005e+01 -1.05685150e+00
 1.09100005e+01 -1.04488286e+00
 1.09200005e+01 -1.03219485e+00
 1.09300005e+01 -1.01879973e+00
 1.09400005e+01 -1.00471212e+00
 1.09500005e+01 -9.89947645e-01
 1.09600005e+01 -9.74521967e-01
 1.09700005e+01 -9.58450733e-01
 1.09800005e+01 -9.41749592e-01
 1.09900005e+01 -9.24434381e-01
 1.10000005e+01 -9.06523125e-01
 1.10100005e+01 -8.88035241e-01
 1.10200005e+01 -8.68990171e-01
 1.10300005e+01 -8.49407359e-01
 1.10400005e+01 -8.29306244e-01
 1.10500005e+01 -8.08706272e-01
 1.10600005e+01 -7.87626918e-01
 1.10700005e+01 -7.66087687e-01
 1.10800005e+01 -7.44108087e-01
 1.10900005e+01 -7.21707623e-01
 1.11000005e+01 -6.98905804e-01
 1.11100005e+01 -6.75722162e-01
 1.11200005e+01 -6.52177287e-01
 1.11300005e+01 -6.28293149e-01
 1.11400005e+01 -6.04091811e-01
 1.11500005e+01 -5.79595333e-01
 1.11600005e+01 -5.54825780e-01
 1.11700005e+01 -5.29805208e-01
 1.11800005e+01 -5.04555225e-01
 1.11900005e+01 -4.79096588e-01
 1.12000005e+01 -4.53449960e-01
 1.12100005e+01 -4.27636006e-01
 1.12200005e+01 -4.01675389e-01
 1.12300005e+01 -3.75588772e-01
 1.12400005e+01 -3.49396702e-01
 1.12500005e+01 -3.23119403e-01
 1.12600005e+01 -2.96777043e-01
 1.12700005e+01 -2.70389791e-01
 1.12800005e+01 -2.43977816e-01
 1.12900005e+01 -2.17561285e-01
 1.13000005e+01 -1.91160090e-01
 1.13100005e+01 -1.64792974e-01
 1.13200005e+01 -1.38478385e-01
 1.13300005e+01 -1.12234770e-01
 1.13400005e+01 -8.60805789e-02
 1.13500005e+01 -6.00342583e-02
 1.13600005e+01 -3.41141256e-02
 1.13700005e+01 -8.33768104e-03
 1.13800005e+01 1.72778890e-02
 1.13900005e+01 4.27153986e-02
 1.14000005e+01 6.79576621e-02
 1.14100005e+01 9.29874936e-02
 1.14200005e+01 1.17787906e-01
 1.14300005e+01 1.42343838e-01
 1.14400005e+01 1.66641309e-01
 1.14500005e+01 1.90666349e-01
 1.14600005e+01 2.14404991e-01
 1.14700005e+01 2.37843265e-01
 1.14800005e+01 2.60967236e-01
 1.14900005e+01 2.83763511e-01
 1.15000005e+01 3.06219135e-01
 1.15100005e+01 3.28321163e-01
 1.15200005e+01 3.50056651e-01
 1.15300005e+01 3.71412657e-01
 1.15400005e+01 3.92376270e-01
 1.15500005e+01 4.12935616e-01
 1.15600005e+01 4.33080011e-01
 1.15700005e+01 4.52798833e-01
 1.15800006e+01 4.72081656e-01
 1.15900006e+01 4.90917473e-01
 1.16000006e+01 5.09295868e-01
 1.16100006e+01 5.27206822e-01
 1.16200006e+01 5.44641283e-01
 1.16300006e+01 5.61590295e-01
 1.16400006e+01 5.78044898e-01
 1.16500006e+01 5.93996134e-01
 1.16600006e+01 6.09435047e-01
 1.16700006e+01 6.24353431e-01
 1.16800006e+01 6.38744881e-01
 1.16900006e+01 6.52603253e-01
 1.17000006e+01 6.65922405e-01
 1.17100006e+01 6.78696193e-01
 1.17200006e+01 6.90918475e-01
 1.17300006e+01 7.02583373e-01
 1.17400006e+01 7.13685949e-01
 1.17500006e+01 7.24221476e-01
 1.17600006e+01 7.34185227e-01
 1.17700006e+01 7.43572473e-01
 1.17800006e+01 7.52378487e-01
 1.17900006e+01 7.60598957e-01
 1.18000006e+01 7.68231798e-01
 1.18100006e+01 7.75275670e-01
 1.18200006e+01 7.81729232e-01
 1.18300006e+01 7.87591143e-01
 1.18400006e+01 7.92860063e-01
 1.18500006e+01 7.97534815e-01
 1.18600006e+01 8.01615564e-01
 1.18700006e+01 8.05103134e-01
 1.18800006e+01 8.07998356e-01
 1.18900006e+01 8.10302059e-01
 1.19000006e+01 8.12015073e-01
 1.19100006e+01 8.13138324e-01
 1.19200006e+01 8.13674029e-01
 1.19300006e+01 8.13625316e-01
 1.19400006e+01 8.12995336e-01
 1.19500006e+01 8.11787239e-01
 1.19600006e+01 8.10004173e-01
 1.19700006e+01 8.07649333e-01
 1.19800006e+01 8.04726979e-01
 1.19900006e+01 8.01242451e-01
 1.20000006e+01 7.97201136e-01
 1.20100006e+01 7.92608420e-01
 1.20200006e+01 7.87469690e-01
 1.20300006e+01 7.81790350e-01
 1.20400006e+01 7.75576565e-01
 1.20500006e+01 7.68835612e-01
 1.20600006e+01 7.61574850e-01
 1.20700006e+01 7.53801642e-01
 1.20800006e+01 7.45523347e-01
 1.20900006e+01 7.36747329e-01
 1.21000006e+01 7.27481364e-01
 1.21100006e+01 7.17734086e-01
 1.21200006e+01 7.07514238e-01
 1.21300006e+01 6.96830563e-01
 1.21400006e+01 6.85691804e-01
 1.21500006e+01 6.74106705e-01
 1.21600006e+01 6.62084419e-01
 1.21700006e+01 6.49635369e-01
 1.21800006e+01 6.36770222e-01
 1.21900006e+01 6.23499642e-01
 1.22000006e+01 6.09834296e-01
 1.22100006e+01 5.95784851e-01
 1.22200006e+01 5.81362137e-01
 1.22300006e+01 5.66577755e-01
 1.22400006e+01 5.51443525e-01
 1.22500006e+01 5.35971268e-01
 1.22600006e+01 5.20172806e-01
 1.22700006e+01 5.04059959e-01
 1.22800006e+01 4.87644700e-01
 1.22900006e+01 4.70940059e-01
 1.23000006e+01 4.53959523e-01
 1.23100006e+01 4.36716578e-01
 1.23200006e+01 4.19224714e-01
 1.23300006e+01 4.01497417e-01
 1.23400006e+01 3.83548192e-01
 1.23500006e+01 3.65390724e-01
 1.23600006e+01 3.47038812e-01
 1.23700006e+01 3.28506254e-01
 1.23800006e+01 3.09806853e-01
 1.23900006e+01 2.90954408e-01
 1.24000006e+01 2.71962741e-01
 1.24100006e+01 2.52846119e-01
 1.24200006e+01 2.33619201e-01
 1.24300006e+01 2.14296659e-01
 1.24400006e+01 1.94893167e-01
 1.24500006e+01 1.75423398e-01
 1.24600006e+01 1.55902019e-01
 1.24700006e+01 1.36343481e-01
 1.24800006e+01 1.16761961e-01
 1.24900006e+01 9.71716179e-02
 1.25000006e+01 7.75866102e-02
 1.25100006e+01 5.80210969e-02
 1.25200006e+01 3.84892369e-02
 1.25300006e+01 1.90052092e-02
 1.25400006e+01 -4.16770474e-04
 1.25500006e+01 -1.97624824e-02
 1.25600006e+01 -3.90177069e-02
 1.25700006e+01 -5.81682244e-02
 1.25800006e+01 -7.71998160e-02
 1.25900006e+01 -9.60986804e-02
 1.26000006e+01 -1.14852135e-01
 1.26100006e+01 -1.33447683e-01
 1.26200006e+01 -1.51872826e-01
 1.26300006e+01 -1.70115067e-01
 1.26400006e+01 -1.88161909e-01
 1.26500006e+01 -2.06000931e-01
 1.26600006e+01 -2.23620025e-01
 1.26700006e+01 -2.41007156e-01
 1.26800006e+01 -2.58150293e-01
 1.26900006e+01 -2.75037402e-01
 1.27000006e+01 -2.91656451e-01
 1.27100006e+01 -3.07995673e-01
 1.27200006e+01 -3.24044900e-01
 1.27300006e+01 -3.39794561e-01
 1.27400006e+01 -3.55235089e-01
 1.27500006e+01 -3.70356915e-01
 1.27600006e+01 -3.85150470e-01
 1.27700006e+01 -3.99606225e-01
 1.27800006e+01 -4.13715023e-01
 1.27900006e+01 -4.27467909e-01
 1.28000006e+01 -4.40855930e-01
 1.28100006e+01 -4.53870132e-01
 1.28200006e+01 -4.66501564e-01
 1.28300006e+01 -4.78741366e-01
 1.28400006e+01 -4.90582115e-01
 1.28500006e+01 -5.02017522e-01
 1.28600006e+01 -5.13041324e-01
 1.28700006e+01 -5.23647261e-01
 1.28800006e+01 -5.33829071e-01
 1.28900006e+01 -5.43580524e-01
 1.29000006e+01 -5.52896232e-01
 1.29100006e+01 -5.61771754e-01
 1.29200006e+01 -5.70202698e-01
 1.29300006e+01 -5.78184674e-01
 1.29400006e+01 -5.85713291e-01
 1.29500006e+01 -5.92784163e-01
 1.29600006e+01 -5.99393313e-01
 1.29700006e+01 -6.05537411e-01
 1.29800006e+01 -6.11213191e-01
 1.29900006e+01 -6.16417384e-01
 1.30000006e+01 -6.21146721e-01
 1.30100006e+01 -6.25397938e-01
 1.30200006e+01 -6.29168829e-01
 1.30300006e+01 -6.32459659e-01
 1.30400006e+01 -6.35271042e-01
 1.30500006e+01 -6.37603593e-01
 1.30600006e+01 -6.39457928e-01
 1.30700006e+01 -6.40834661e-01
 1.30800006e+01 -6.41734631e-01
 1.30900006e+01 -6.42159452e-01
 1.31000006e+01 -6.42110903e-01
 1.31100006e+01 -6.41590766e-01
 1.31200006e+01 -6.40600821e-01
 1.31300006e+01 -6.39142848e-01
 1.31400006e+01 -6.37219090e-01
 1.31500006e+01 -6.34834193e-01
 1.31600006e+01 -6.31993584e-01
 1.31700006e+01 -6.28702689e-01
 1.31800006e+01 -6.24966936e-01
 1.31900006e+01 -6.20791752e-01
 1.32000006e+01 -6.16182654e-01
 1.32100006e+01 -6.11145877e-01
 1.32200006e+01 -6.05688003e-01
 1.32300006e+01 -5.99815613e-01
 1.32400006e+01 -5.93535291e-01
 1.32500006e+01 -5.86853618e-01
 1.32600006e+01 -5.79777289e-01
 1.32700006e+01 -5.72314442e-01
 1.32800006e+01 -5.64474206e-01
 1.32900006e+01 -5.56265736e-01
 1.33000006e+01 -5.47698183e-01
 1.33100006e+01 -5.38780699e-01
 1.33200006e+01 -5.29522431e-01
 1.33300006e+01 -5.19932375e-01
 1.33400006e+01 -5.10019384e-01
 1.33500006e+01 -4.99792304e-01
 1.33600006e+01 -4.89259981e-01
 1.33700006e+01 -4.78431260e-01
 1.33800006e+01 -4.67315005e-01
 1.33900006e+01 -4.55920861e-01
 1.34000006e+01 -4.44259578e-01
 1.34100006e+01 -4.32341989e-01
 1.34200006e+01 -4.20178927e-01
 1.34300006e+01 -4.07781227e-01
 1.34400006e+01 -3.95159718e-01
 1.34500006e+01 -3.82324950e-01
 1.34600006e+01 -3.69286898e-01
 1.34700006e+01 -3.56055465e-01
 1.34800006e+01 -3.42640556e-01
 1.34900006e+01 -3.29052074e-01
 1.35000006e+01 -3.15299926e-01
 1.35100006e+01 -3.01394399e-01
 1.35200006e+01 -2.87346940e-01
 1.35300006e+01 -2.73169207e-01
 1.35400006e+01 -2.58872862e-01
 1.35500006e+01 -2.44469564e-01
 1.35600006e+01 -2.29970974e-01
 1.35700006e+01 -2.15388492e-01
 1.35800006e+01 -2.00732349e-01
 1.35900006e+01 -1.86012448e-01
 1.36000006e+01 -1.71238693e-01
 1.36100006e+01 -1.56420986e-01
 1.36200006e+01 -1.41569231e-01
 1.36300006e+01 -1.26693471e-01
 1.36400006e+01 -1.11804717e-01
 1.36500006e+01 -9.69143795e-02
 1.36600006e+01 -8.20338735e-02
 1.36700006e+01 -6.71746118e-02
 1.36800006e+01 -5.23480080e-02
 1.36900007e+01 -3.75652200e-02
 1.37000007e+01 -2.28366901e-02
 1.37100007e+01 -8.17171297e-03
 1.37200007e+01 6.42027863e-03
 1.37300007e+01 2.09298519e-02
 1.37400007e+01 3.53475741e-02
 1.37500007e+01 4.96640023e-02
 1.37600007e+01 6.38695118e-02
 1.37700007e+01 7.79543194e-02
 1.37800007e+01 9.19086365e-02
 1.37900007e+01 1.05722675e-01
 1.38000007e+01 1.19386645e-01
 1.38100007e+01 1.32890779e-01
 1.38200007e+01 1.46225966e-01
 1.38300007e+01 1.59383914e-01
 1.38400007e+01 1.72356383e-01
 1.38500007e+01 1.85135134e-01
 1.38600007e+01 1.97711926e-01
 1.38700007e+01 2.10078524e-01
 1.38800007e+01 2.22227141e-01
 1.38900007e+01 2.34150793e-01
 1.39000007e+01 2.45842576e-01
 1.39100007e+01 2.57295588e-01
 1.39200007e+01 2.68502926e-01
 1.39300007e+01 2.79457687e-01
 1.39400007e+01 2.90153345e-01
 1.39500007e+01 3.00584353e-01
 1.39600007e+01 3.10745320e-01
 1.39700007e+01 3.20630855e-01
 1.39800007e+01 3.30235568e-01
 1.39900007e+01 3.39554069e-01
 1.40000007e+01 3.48581166e-01
 1.40100007e+01 3.57312447e-01
 1.40200007e+01 3.65743685e-01
 1.40300007e+01 3.73870656e-01
 1.40400007e+01 3.81689135e-01
 1.40500007e+01 3.89194895e-01
 1.40600007e+01 3.96383947e-01
 1.40700007e+01 4.03253663e-01
 1.40800007e+01 4.09801916e-01
 1.40900007e+01 4.16026578e-01
 1.41000007e+01 4.21925522e-01
 1.41100007e+01 4.27496620e-01
 1.41200007e+01 4.32737786e-01
 1.41300007e+01 4.37647308e-01
 1.41400007e+01 4.42223675e-01
 1.41500007e+01 4.46465377e-01
 1.41600007e+01 4.50370906e-01
 1.41700007e+01 4.53938751e-01
 1.41800007e+01 4.57167460e-01
 1.41900007e+01 4.60056422e-01
 1.42000007e+01 4.62605672e-01
 1.42100007e+01 4.64815260e-01
 1.42200007e+01 4.66685238e-01
 1.42300007e+01 4.68215656e-01
 1.42400007e+01 4.69406589e-01
 1.42500007e+01 4.70258764e-01
 1.42600007e+01 4.70773618e-01
 1.42700007e+01 4.70952625e-01
 1.42800007e+01 4.70797261e-01
 1.42900007e+01 4.70308999e-01
 1.43000007e+01 4.69489320e-01
 1.43100007e+01 4.68340053e-01
 1.43200007e+01 4.66863578e-01
 1.43300007e+01 4.65062321e-01
 1.43400007e+01 4.62938707e-01
 1.43500007e+01 4.60495165e-01
 1.43600007e+01 4.57734121e-01
 1.43700007e+01 4.54658438e-01
 1.43800007e+01 4.51271961e-01
 1.43900007e+01 4.47578671e-01
 1.44000007e+01 4.43582550e-01
 1.44100007e+01 4.39287578e-01
 1.44200007e+01 4.34697737e-01
 1.44300007e+01 4.29817264e-01
 1.44400007e+01 4.24651255e-01
 1.44500007e+01 4.19204988e-01
 1.44600007e+01 4.13483741e-01
 1.44700007e+01 4.07492790e-01
 1.44800007e+01 4.01237414e-01
 1.44900007e+01 3.94723040e-01
 1.45000007e+01 3.87955862e-01
 1.45100007e+01 3.80942314e-01
 1.45200007e+01 3.73688830e-01
 1.45300007e+01 3.66201843e-01
 1.45400007e+01 3.58487788e-01
 1.45500007e+01 3.50553106e-01
 1.45600007e+01 3.42404290e-01
 1.45700007e+01 3.34047860e-01
 1.45800007e+01 3.25490334e-01
 1.45900007e+01 3.16738233e-01
 1.46000007e+01 3.07798074e-01
 1.46100007e+01 2.98676454e-01
 1.46200007e+01 2.89380938e-01
 1.46300007e+01 2.79919738e-01
 1.46400007e+01 2.70301079e-01
 1.46500007e+01 2.60533187e-01
 1.46600007e+01 2.50624288e-01
 1.46700007e+01 2.40582581e-01
 1.46800007e+01 2.30415735e-01
 1.46900007e+01 2.20130901e-01
 1.47000007e+01 2.09735213e-01
 1.47100007e+01 1.99235802e-01
 1.47200007e+01 1.88639801e-01
 1.47300007e+01 1.77954350e-01
 1.47400007e+01 1.67186959e-01
 1.47500007e+01 1.56345643e-01
 1.47600007e+01 1.45438456e-01
 1.47700007e+01 1.34473450e-01
 1.47800007e+01 1.23458680e-01
 1.47900007e+01 1.12402197e-01
 1.48000007e+01 1.01311991e-01
 1.48100007e+01 9.01959220e-02
 1.48200007e+01 7.90618380e-02
 1.48300007e+01 6.79175853e-02
 1.48400007e+01 5.67710106e-02
 1.48500007e+01 4.56299607e-02
 1.48600007e+01 3.45022705e-02
 1.48700007e+01 2.33957409e-02
 1.48800007e+01 1.23181665e-02
 1.48900007e+01 1.27734199e-03
 1.49000007e+01 -9.71893800e-03
 1.49100007e+01 -2.06628788e-02
 1.49200007e+01 -3.15468511e-02
 1.49300007e+01 -4.23639475e-02
 1.49400007e+01 -5.31074575e-02
 1.49500007e+01 -6.37706706e-02
 1.49600007e+01 -7.43468766e-02
 1.49700007e+01 -8.48293648e-02
 1.49800007e+01 -9.52113801e-02
 1.49900007e+01 -1.05485870e-01
 1.50000007e+01 -1.15645660e-01
 1.50100007e+01 -1.25683578e-01
 1.50200007e+01 -1.35592449e-01
 1.50300007e+01 -1.45365101e-01
 1.50400007e+01 -1.54994416e-01
 1.50500007e+01 -1.64473884e-01
 1.50600007e+01 -1.73797349e-01
 1.50700007e+01 -1.82958661e-01
 1.50800007e+01 -1.91951668e-01
 1.50900007e+01 -2.00770221e-01
 1.51000007e+01 -2.09408211e-01
 1.51100007e+01 -2.17860233e-01
 1.51200007e+01 -2.26121486e-01
 1.51300007e+01 -2.34187186e-01
 1.51400007e+01 -2.42052549e-01
 1.51500007e+01 -2.49712792e-01
 1.51600007e+01 -2.57163126e-01
 1.51700007e+01 -2.64398614e-01
 1.51800007e+01 -2.71414136e-01
 1.51900007e+01 -2.78204562e-01
 1.52000007e+01 -2.84764761e-01
 1.52100007e+01 -2.91089603e-01
 1.52200007e+01 -2.97173971e-01
 1.52300007e+01 -3.03013837e-01
 1.52400007e+01 -3.08607063e-01
 1.52500007e+01 -3.13951702e-01
 1.52600007e+01 -3.19045807e-01
 1.52700007e+01 -3.23887428e-01
 1.52800007e+01 -3.28474618e-01
 1.52900007e+01 -3.32805379e-01
 1.53000007e+01 -3.36877589e-01
 1.53100007e+01 -3.40689107e-01
 1.53200007e+01 -3.44237792e-01
 1.53300007e+01 -3.47521500e-01
 1.53400007e+01 -3.50538092e-01
 1.53500007e+01 -3.53285765e-01
 1.53600007e+01 -3.55763996e-01
 1.53700007e+01 -3.57972567e-01
 1.53800007e+01 -3.59911257e-01
 1.53900007e+01 -3.61579846e-01
 1.54000007e+01 -3.62978116e-01
 1.54100007e+01 -3.64106052e-01
 1.54200007e+01 -3.64964807e-01
 1.54300007e+01 -3.65555950e-01
 1.54400007e+01 -3.65881049e-01
 1.54500007e+01 -3.65941671e-01
 1.54600007e+01 -3.65739385e-01
 1.54700007e+01 -3.65275774e-01
 1.54800007e+01 -3.64552573e-01
 1.54900007e+01 -3.63571593e-01
 1.55000007e+01 -3.62334644e-01
 1.55100007e+01 -3.60843540e-01
 1.55200007e+01 -3.59100091e-01
 1.55300007e+01 -3.57106174e-01
 1.55400007e+01 -3.54864595e-01
 1.55500007e+01 -3.52378854e-01
 1.55600007e+01 -3.49652467e-01
 1.55700007e+01 -3.46688951e-01
 1.55800007e+01 -3.43491823e-01
 1.55900007e+01 -3.40064609e-01
 1.56000007e+01 -3.36411078e-01
 1.56100007e+01 -3.32535256e-01
 1.56200007e+01 -3.28441183e-01
 1.56300007e+01 -3.24132898e-01
 1.56400007e+01 -3.19614443e-01
 1.56500007e+01 -3.14889863e-01
 1.56600007e+01 -3.09963673e-01
 1.56700007e+01 -3.04841095e-01
 1.56800007e+01 -2.99527413e-01
 1.56900007e+01 -2.94027910e-01
 1.57000007e+01 -2.88347867e-01
 1.57100007e+01 -2.82492568e-01
 1.57200007e+01 -2.76467345e-01
 1.57300007e+01 -2.70277634e-01
 1.57400007e+01 -2.63928889e-01
 1.57500007e+01 -2.57426560e-01
 1.57600007e+01 -2.50776100e-01
 1.57700007e+01 -2.43982962e-01
 1.57800007e+01 -2.37052678e-01
 1.57900007e+01 -2.29991050e-01
 1.58000008e+01 -2.22803863e-01
 1.58100008e+01 -2.15497116e-01
 1.58200008e+01 -2.08076594e-01
 1.58300008e+01 -2.00548154e-01
 1.58400008e+01 -1.92917692e-01
 1.58500008e+01 -1.85191311e-01
 1.58600008e+01 -1.77375172e-01
 1.58700008e+01 -1.69475438e-01
 1.58800008e+01 -1.61498273e-01
 1.58900008e+01 -1.53449840e-01
 1.59000008e+01 -1.45336271e-01
 1.59100008e+01 -1.37163485e-01
 1.59200008e+01 -1.28937298e-01
 1.59300008e+01 -1.20663528e-01
 1.59400008e+01 -1.12347992e-01
 1.59500008e+01 -1.03996509e-01
 1.59600008e+01 -9.56148864e-02
 1.59700008e+01 -8.72088450e-02
 1.59800008e+01 -7.87840447e-02
 1.59900008e+01 -7.03461445e-02
 1.60000008e+01 -6.19008034e-02
 1.60100008e+01 -5.34536805e-02
 1.60200008e+01 -4.50104477e-02
 1.60300008e+01 -3.65770433e-02
 1.60400008e+01 -2.81596555e-02
 1.60500008e+01 -1.97644820e-02
 1.60600008e+01 -1.13977206e-02
 1.60700008e+01 -3.06556937e-03
 1.60800008e+01 5.22579114e-03
 1.60900008e+01 1.34708937e-02
 1.61000008e+01 2.16652272e-02
 1.61100008e+01 2.98043476e-02
 1.61200008e+01 3.78838108e-02
 1.61300008e+01 4.58991728e-02
 1.61400008e+01 5.38459855e-02
 1.61500008e+01 6.17193465e-02
 1.61600008e+01 6.95134755e-02
 1.61700008e+01 7.72224924e-02
 1.61800008e+01 8.48405170e-02
 1.61900008e+01 9.23616692e-02
 1.62000008e+01 9.97800692e-02
 1.62100008e+01 1.07090309e-01
 1.62200008e+01 1.14288315e-01
 1.62300008e+01 1.21370250e-01
 1.62400008e+01 1.28332276e-01
 1.62500008e+01 1.35170554e-01
 1.62600008e+01 1.41881247e-01
 1.62700008e+01 1.48460472e-01
 1.62800008e+01 1.54904165e-01
 1.62900008e+01 1.61208211e-01
 1.63000008e+01 1.67368497e-01
 1.63100008e+01 1.73380909e-01
 1.63200008e+01 1.79241331e-01
 1.63300008e+01 1.84945732e-01
 1.63400008e+01 1.90490592e-01
 1.63500008e+01 1.95872598e-01
 1.63600008e+01 2.01088436e-01
 1.63700008e+01 2.06134793e-01
 1.63800008e+01 2.11008357e-01
 1.63900008e+01 2.15705912e-01
 1.64000008e+01 2.20225243e-01
 1.64100008e+01 2.24564709e-01
 1.64200008e+01 2.28722676e-01
 1.64300008e+01 2.32697510e-01
 1.64400008e+01 2.36487578e-01
 1.64500008e+01 2.40091248e-01
 1.64600008e+01 2.43506938e-01
 1.64700008e+01 2.46733105e-01
 1.64800008e+01 2.49768208e-01
 1.64900008e+01 2.52610705e-01
 1.65000008e+01 2.55259056e-01
 1.65100008e+01 2.57711740e-01
 1.65200008e+01 2.59967937e-01
 1.65300008e+01 2.62027649e-01
 1.65400008e+01 2.63890926e-01
 1.65500008e+01 2.65557818e-01
 1.65600008e+01 2.67028374e-01
 1.65700008e+01 2.68302649e-01
 1.65800008e+01 2.69381034e-01
 1.65900008e+01 2.70264493e-01
 1.66000008e+01 2.70954043e-01
 1.66100008e+01 2.71450701e-01
 1.66200008e+01 2.71755487e-01
 1.66300008e+01 2.71869417e-01
 1.66400008e+01 2.71793607e-01
 1.66500008e+01 2.71529407e-01
 1.66600008e+01 2.71078207e-01
 1.66700008e+01 2.70441392e-01
 1.66800008e+01 2.69620351e-01
 1.66900008e+01 2.68616471e-01
 1.67000008e+01 2.67431205e-01
 1.67100008e+01 2.66066245e-01
 1.67200008e+01 2.64523337e-01
 1.67300008e+01 2.62804230e-01
 1.67400008e+01 2.60910669e-01
 1.67500008e+01 2.58844401e-01
 1.67600008e+01 2.56607296e-01
 1.67700008e+01 2.54201903e-01
 1.67800008e+01 2.51631003e-01
 1.67900008e+01 2.48897378e-01
 1.68000008e+01 2.46003810e-01
 1.68100008e+01 2.42953081e-01
 1.68200008e+01 2.39747968e-01
 1.68300008e+01 2.36391220e-01
 1.68400008e+01 2.32885569e-01
 1.68500008e+01 2.29233749e-01
 1.68600008e+01 2.25438492e-01
 1.68700008e+01 2.21502530e-01
 1.68800008e+01 2.17428619e-01
 1.68900008e+01 2.13219835e-01
 1.69000008e+01 2.08879483e-01
 1.69100008e+01 2.04410876e-01
 1.69200008e+01 1.99817326e-01
 1.69300008e+01 1.95102145e-01
 1.69400008e+01 1.90268661e-01
 1.69500008e+01 1.85320588e-01
 1.69600008e+01 1.80262045e-01
 1.69700008e+01 1.75097168e-01
 1.69800008e+01 1.69830093e-01
 1.69900008e+01 1.64464957e-01
 1.70000008e+01 1.59005896e-01
 1.70100008e+01 1.53457065e-01
 1.70200008e+01 1.47822645e-01
 1.70300008e+01 1.42106818e-01
 1.70400008e+01 1.36313766e-01
 1.70500008e+01 1.30447673e-01
 1.70600008e+01 1.24512722e-01
 1.70700008e+01 1.18513305e-01
 1.70800008e+01 1.12454262e-01
 1.70900008e+01 1.06340491e-01
 1.71000008e+01 1.00176889e-01
 1.71100008e+01 9.39683548e-02
 1.71200008e+01 8.77197855e-02
 1.71300008e+01 8.14359956e-02
 1.71400008e+01 7.51215349e-02
 1.71500008e+01 6.87809008e-02
 1.71600008e+01 6.24185910e-02
 1.71700008e+01 5.60391027e-02
 1.71800008e+01 4.96469336e-02
 1.71900008e+01 4.32466415e-02
 1.72000008e+01 3.68430731e-02
 1.72100008e+01 3.04411609e-02
 1.72200008e+01 2.40458376e-02
 1.72300008e+01 1.76620356e-02
 1.72400008e+01 1.12946875e-02
 1.72500008e+01 4.94863295e-03
 1.72600008e+01 -1.37196295e-03
 1.72700008e+01 -7.66323260e-03
 1.72800008e+01 -1.39213097e-02
 1.72900008e+01 -2.01423279e-02
 1.73000008e+01 -2.63224210e-02
 1.73100008e+01 -3.24577121e-02
 1.73200008e+01 -3.85442018e-02
 1.73300008e+01 -4.45778128e-02
 1.73400008e+01 -5.05544663e-02
 1.73500008e+01 -5.64700836e-02
 1.73600008e+01 -6.23205860e-02
 1.73700008e+01 -6.81019047e-02
 1.73800008e+01 -7.38101656e-02
 1.73900008e+01 -7.94416728e-02
 1.74000008e+01 -8.49927373e-02
 1.74100008e+01 -9.04596699e-02
 1.74200008e+01 -9.58387813e-02
 1.74300008e+01 -1.01126391e-01
 1.74400008e+01 -1.06319141e-01
 1.74500008e+01 -1.11414099e-01
 1.74600008e+01 -1.16408358e-01
 1.74700008e+01 -1.21299015e-01
 1.74800008e+01 -1.26083163e-01
 1.74900008e+01 -1.30757898e-01
 1.75000008e+01 -1.35320417e-01
 1.75100008e+01 -1.39768108e-01
 1.75200008e+01 -1.44098380e-01
 1.75300008e+01 -1.48308642e-01
 1.75400008e+01 -1.52396302e-01
 1.75500008e+01 -1.56358769e-01
 1.75600008e+01 -1.60193520e-01
 1.75700008e+01 -1.63898219e-01
 1.75800008e+01 -1.67470565e-01
 1.75900008e+01 -1.70908254e-01
 1.76000008e+01 -1.74208982e-01
 1.76100008e+01 -1.77370447e-01
 1.76200008e+01 -1.80390494e-01
 1.76300008e+01 -1.83267584e-01
 1.76400008e+01 -1.86000336e-01
 1.76500008e+01 -1.88587367e-01
 1.76600008e+01 -1.91027297e-01
 1.76700008e+01 -1.93318743e-01
 1.76800008e+01 -1.95460414e-01
 1.76900008e+01 -1.97451583e-01
 1.77000008e+01 -1.99291741e-01
 1.77100008e+01 -2.00980376e-01
 1.77200008e+01 -2.02516981e-01
 1.77300008e+01 -2.03901043e-01
 1.77400008e+01 -2.05132082e-01
 1.77500008e+01 -2.06209886e-01
 1.77600008e+01 -2.07134392e-01
 1.77700008e+01 -2.07905541e-01
 1.77800008e+01 -2.08523275e-01
 1.77900008e+01 -2.08987533e-01
 1.78000008e+01 -2.09298303e-01
 1.78100008e+01 -2.09456344e-01
 1.78200008e+01 -2.09463031e-01
 1.78300008e+01 -2.09319759e-01
 1.78400008e+01 -2.09027922e-01
 1.78500008e+01 -2.08588914e-01
 1.78600008e+01 -2.08004134e-01
 1.78700008e+01 -2.07275083e-01
 1.78800008e+01 -2.06403381e-01
 1.78900008e+01 -2.05390657e-01
 1.79000009e+01 -2.04238525e-01
 1.79100009e+01 -2.02948637e-01
 1.79200009e+01 -2.01522613e-01
 1.79300009e+01 -1.99962410e-01
 1.79400009e+01 -1.98270516e-01
 1.79500009e+01 -1.96449469e-01
 1.79600009e+01 -1.94501807e-01
 1.79700009e+01 -1.92430069e-01
 1.79800009e+01 -1.90236794e-01
 1.79900009e+01 -1.87924569e-01
 1.80000009e+01 -1.85496100e-01
 1.80100009e+01 -1.82954110e-01
 1.80200009e+01 -1.80301321e-01
 1.80300009e+01 -1.77540456e-01
 1.80400009e+01 -1.74674238e-01
 1.80500009e+01 -1.71705239e-01
 1.80600009e+01 -1.68635493e-01
 1.80700009e+01 -1.65466913e-01
 1.80800009e+01 -1.62201414e-01
 1.80900009e+01 -1.58840909e-01
 1.81000009e+01 -1.55387313e-01
 1.81100009e+01 -1.51842723e-01
 1.81200009e+01 -1.48210219e-01
 1.81300009e+01 -1.44493211e-01
 1.81400009e+01 -1.40695107e-01
 1.81500009e+01 -1.36819317e-01
 1.81600009e+01 -1.32869249e-01
 1.81700009e+01 -1.28848217e-01
 1.81800009e+01 -1.24758733e-01
 1.81900009e+01 -1.20602918e-01
 1.82000009e+01 -1.16382890e-01
 1.82100009e+01 -1.12100768e-01
 1.82200009e+01 -1.07758669e-01
 1.82300009e+01 -1.03358765e-01
 1.82400009e+01 -9.89039326e-02
 1.82500009e+01 -9.43975501e-02
 1.82600009e+01 -8.98430061e-02
 1.82700009e+01 -8.52436894e-02
 1.82800009e+01 -8.06029885e-02
 1.82900009e+01 -7.59242929e-02
 1.83000009e+01 -7.12110058e-02
 1.83100009e+01 -6.64665451e-02
 1.83200009e+01 -6.16943291e-02
 1.83300009e+01 -5.68977761e-02
 1.83400009e+01 -5.20803045e-02
 1.83500009e+01 -4.72453329e-02
 1.83600009e+01 -4.23962958e-02
 1.83700009e+01 -3.75366500e-02
 1.83800009e+01 -3.26698542e-02
 1.83900009e+01 -2.77993671e-02
 1.84000009e+01 -2.29286475e-02
 1.84100009e+01 -1.80611549e-02
 1.84200009e+01 -1.32004809e-02
 1.84300009e+01 -8.35049306e-03
 1.84400009e+01 -3.51509382e-03
 1.84500009e+01 1.30181452e-03
 1.84600009e+01 6.09632962e-03
 1.84700009e+01 1.08645492e-02
 1.84800009e+01 1.56026696e-02
 1.84900009e+01 2.03071916e-02
 1.85000009e+01 2.49746744e-02
 1.85100009e+01 2.96016772e-02
 1.85200009e+01 3.41847592e-02
 1.85300009e+01 3.87204797e-02
 1.85400009e+01 4.32054381e-02
 1.85500009e+01 4.76364198e-02
 1.85600009e+01 5.20102639e-02
 1.85700009e+01 5.63238096e-02
 1.85800009e+01 6.05738961e-02
 1.85900009e+01 6.47573625e-02
 1.86000009e+01 6.88711287e-02
 1.86100009e+01 7.29126812e-02
 1.86200009e+01 7.68797501e-02
 1.86300009e+01 8.07700662e-02
 1.86400009e+01 8.45813604e-02
 1.86500009e+01 8.83113637e-02
 1.86600009e+01 9.19578125e-02
 1.86700009e+01 9.55185050e-02
 1.86800009e+01 9.89912777e-02
 1.86900009e+01 1.02373968e-01
 1.87000009e+01 1.05664413e-01
 1.87100009e+01 1.08860450e-01
 1.87200009e+01 1.11959965e-01
 1.87300009e+01 1.14961774e-01
 1.87400009e+01 1.17865524e-01
 1.87500009e+01 1.20670889e-01
 1.87600009e+01 1.23377546e-01
 1.87700009e+01 1.25985169e-01
 1.87800009e+01 1.28493418e-01
 1.87900009e+01 1.30901404e-01
 1.88000009e+01 1.33207536e-01
 1.88100009e+01 1.35410176e-01
 1.88200009e+01 1.37507688e-01
 1.88300009e+01 1.39498435e-01
 1.88400009e+01 1.41380787e-01
 1.88500009e+01 1.43153713e-01
 1.88600009e+01 1.44817280e-01
 1.88700009e+01 1.46371672e-01
 1.88800009e+01 1.47817074e-01
 1.88900009e+01 1.49153669e-01
 1.89000009e+01 1.50381643e-01
 1.89100009e+01 1.51501212e-01
 1.89200009e+01 1.52512686e-01
 1.89300009e+01 1.53416388e-01
 1.89400009e+01 1.54212641e-01
 1.89500009e+01 1.54901767e-01
 1.89600009e+01 1.55484092e-01
 1.89700009e+01 1.55959785e-01
 1.89800009e+01 1.56328411e-01
 1.89900009e+01 1.56589379e-01
 1.90000009e+01 1.56742101e-01
 1.90100009e+01 1.56785988e-01
 1.90200009e+01 1.56720450e-01
 1.90300009e+01 1.56545101e-01
 1.90400009e+01 1.56260767e-01
 1.90500009e+01 1.55868732e-01
 1.90600009e+01 1.55370279e-01
 1.90700009e+01 1.54766691e-01
 1.90800009e+01 1.54059252e-01
 1.90900009e+01 1.53249215e-01
 1.91000009e+01 1.52337542e-01
 1.91100009e+01 1.51325037e-01
 1.91200009e+01 1.50212504e-01
 1.91300009e+01 1.49000745e-01
 1.91400009e+01 1.47690563e-01
 1.91500009e+01 1.46282786e-01
 1.91600009e+01 1.44778646e-01
 1.91700009e+01 1.43179688e-01
 1.91800009e+01 1.41487468e-01
 1.91900009e+01 1.39703539e-01
 1.92000009e+01 1.37829458e-01
 1.92100009e+01 1.35866786e-01
 1.92200009e+01 1.33817321e-01
 1.92300009e+01 1.31683124e-01
 1.92400009e+01 1.29466269e-01
 1.92500009e+01 1.27168830e-01
 1.92600009e+01 1.24792881e-01
 1.92700009e+01 1.22340498e-01
 1.92800009e+01 1.19813837e-01
 1.92900009e+01 1.17215185e-01
 1.93000009e+01 1.14546839e-01
 1.93100009e+01 1.11811098e-01
 1.93200009e+01 1.09010259e-01
 1.93300009e+01 1.06146622e-01
 1.93400009e+01 1.03222527e-01
 1.93500009e+01 1.00240421e-01
 1.93600009e+01 9.72027614e-02
 1.93700009e+01 9.41120086e-02
 1.93800009e+01 9.09706215e-02
 1.93900009e+01 8.77810595e-02
 1.94000009e+01 8.45457706e-02
 1.94100009e+01 8.12671629e-02
 1.94200009e+01 7.79476362e-02
 1.94300009e+01 7.45895902e-02
 1.94400009e+01 7.11954245e-02
 1.94500009e+01 6.77675390e-02
 1.94600009e+01 6.43083520e-02
 1.94700009e+01 6.08203790e-02
 1.94800009e+01 5.73061671e-02
 1.94900009e+01 5.37682633e-02
 1.95000009e+01 5.02092146e-02
 1.95100009e+01 4.66315682e-02
 1.95200009e+01 4.30378334e-02
 1.95300009e+01 3.94302194e-02
 1.95400009e+01 3.58107917e-02
 1.95500009e+01 3.21816148e-02
 1.95600009e+01 2.85447533e-02
 1.95700009e+01 2.49022718e-02
 1.95800009e+01 2.12562837e-02
 1.95900009e+01 1.76095269e-02
 1.96000009e+01 1.39651713e-02
 1.96100009e+01 1.03263953e-02
 1.96200009e+01 6.69637740e-03
 1.96300009e+01 3.07829612e-03
 1.96400009e+01 -5.24703423e-04
 1.96500009e+01 -4.11022603e-03
 1.96600009e+01 -7.67661735e-03
 1.96700009e+01 -1.12222545e-02
 1.96800009e+01 -1.47455147e-02
 1.96900009e+01 -1.82447750e-02
 1.97000009e+01 -2.17184018e-02
 1.97100009e+01 -2.51642494e-02
 1.97200009e+01 -2.85794503e-02
 1.97300009e+01 -3.19610824e-02
 1.97400009e+01 -3.53062237e-02
 1.97500009e+01 -3.86119521e-02
 1.97600009e+01 -4.18753482e-02
 1.97700009e+01 -4.50938733e-02
 1.97800009e+01 -4.82657638e-02
 1.97900009e+01 -5.13893506e-02
 1.98000009e+01 -5.44629644e-02
 1.98100009e+01 -5.74849359e-02
 1.98200009e+01 -6.04535958e-02
 1.98300009e+01 -6.33671287e-02
 1.98400009e+01 -6.62232806e-02
 1.98500009e+01 -6.90197160e-02
 1.98600009e+01 -7.17540991e-02
 1.98700009e+01 -7.44240945e-02
 1.98800009e+01 -7.70273663e-02
 1.98900009e+01 -7.95617842e-02
